  2.000000000000000E-003  2.000000000000000E-003 -0.443086046391342     
  2.000000000000000E-003  0.298270416666667      -0.476312552608443     
  2.000000000000000E-003  0.594540833333333      -0.488840346845140     
  2.000000000000000E-003  0.890811250000000      -0.497248668836120     
  2.000000000000000E-003   1.18708166666667      -0.499482769553108     
  2.000000000000000E-003   1.48335208333333      -0.494052250095697     
  2.000000000000000E-003   1.77962250000000      -0.481473546086976     
  2.000000000000000E-003   2.07589291666667      -0.463262276115704     
  2.000000000000000E-003   2.37216333333333      -0.441623798019815     
  2.000000000000000E-003   2.66843375000000      -0.418737157755205     
  2.000000000000000E-003   2.96470416666667      -0.393218460905404     
  2.000000000000000E-003   3.26097458333333      -0.365528281456353     
  2.000000000000000E-003   3.55724500000000      -0.337217810339039     
  2.000000000000000E-003   3.85351541666667      -0.309820719463665     
  2.000000000000000E-003   4.14978583333333      -0.284333068181150     
  2.000000000000000E-003   4.44605625000000      -0.261139339800243     
  2.000000000000000E-003   4.74232666666667      -0.240313322287085     
  2.000000000000000E-003   5.03859708333333      -0.221994614601181     
  2.000000000000000E-003   5.33486750000000      -0.206355469341088     
  2.000000000000000E-003   5.63113791666667      -0.193410888853951     
  2.000000000000000E-003   5.92740833333333      -0.183011143141930     
  2.000000000000000E-003   6.22367875000000      -0.174625539253208     
  2.000000000000000E-003   6.51994916666667      -0.166906497194984     
  2.000000000000000E-003   6.81621958333333      -0.156658582977862     
  2.000000000000000E-003   7.11249000000000      -0.142836523610593     
  0.298270416666667       2.000000000000000E-003 -0.476312350649484     
  0.298270416666667       0.298270416666667      -0.503361745405148     
  0.298270416666667       0.594540833333333      -0.527790083302928     
  0.298270416666667       0.890811250000000      -0.551062438020058     
  0.298270416666667        1.18708166666667      -0.560596417407629     
  0.298270416666667        1.48335208333333      -0.556774348737641     
  0.298270416666667        1.77962250000000      -0.542469357669139     
  0.298270416666667        2.07589291666667      -0.519973795907952     
  0.298270416666667        2.37216333333333      -0.493393182581377     
  0.298270416666667        2.66843375000000      -0.465350648601369     
  0.298270416666667        2.96470416666667      -0.433875318788324     
  0.298270416666667        3.26097458333333      -0.399856156933664     
  0.298270416666667        3.55724500000000      -0.365538282800552     
  0.298270416666667        3.85351541666667      -0.332941872728306     
  0.298270416666667        4.14978583333333      -0.303185812570821     
  0.298270416666667        4.44605625000000      -0.276536560847958     
  0.298270416666667        4.74232666666667      -0.252878346127260     
  0.298270416666667        5.03859708333333      -0.232183242701288     
  0.298270416666667        5.33486750000000      -0.214536441147755     
  0.298270416666667        5.63113791666667      -0.199839419012029     
  0.298270416666667        5.92740833333333      -0.187802007608691     
  0.298270416666667        6.22367875000000      -0.177682909011614     
  0.298270416666667        6.51994916666667      -0.168109874694709     
  0.298270416666667        6.81621958333333      -0.157941165940784     
  0.298270416666667        7.11249000000000      -0.148415658037908     
  0.594540833333333       2.000000000000000E-003 -0.488839911928658     
  0.594540833333333       0.298270416666667      -0.527789903311217     
  0.594540833333333       0.594540833333333      -0.567950892035847     
  0.594540833333333       0.890811250000000      -0.602014842733383     
  0.594540833333333        1.18708166666667      -0.618675007829685     
  0.594540833333333        1.48335208333333      -0.617786271490624     
  0.594540833333333        1.77962250000000      -0.602948137687821     
  0.594540833333333        2.07589291666667      -0.577147757971107     
  0.594540833333333        2.37216333333333      -0.546124679118101     
  0.594540833333333        2.66843375000000      -0.512762495875527     
  0.594540833333333        2.96470416666667      -0.474751562126717     
  0.594540833333333        3.26097458333333      -0.433883418877546     
  0.594540833333333        3.55724500000000      -0.393237262513470     
  0.594540833333333        3.85351541666667      -0.355285187659920     
  0.594540833333333        4.14978583333333      -0.321172591815555     
  0.594540833333333        4.44605625000000      -0.290972076523781     
  0.594540833333333        4.74232666666667      -0.264351704627948     
  0.594540833333333        5.03859708333333      -0.241103037938900     
  0.594540833333333        5.33486750000000      -0.221221488716837     
  0.594540833333333        5.63113791666667      -0.204518046723763     
  0.594540833333333        5.92740833333333      -0.190562542484321     
  0.594540833333333        6.22367875000000      -0.178605504801298     
  0.594540833333333        6.51994916666667      -0.167894367717955     
  0.594540833333333        6.81621958333333      -0.158524009094005     
  0.594540833333333        7.11249000000000      -0.149452847145310     
  0.890811250000000       2.000000000000000E-003 -0.497248112996451     
  0.890811250000000       0.298270416666667      -0.551062038447080     
  0.890811250000000       0.594540833333333      -0.602014607486880     
  0.890811250000000       0.890811250000000      -0.642892214967238     
  0.890811250000000        1.18708166666667      -0.665927802431228     
  0.890811250000000        1.48335208333333      -0.669730931393597     
  0.890811250000000        1.77962250000000      -0.655744105953432     
  0.890811250000000        2.07589291666667      -0.627681459249834     
  0.890811250000000        2.37216333333333      -0.595129045063740     
  0.890811250000000        2.66843375000000      -0.557056817044170     
  0.890811250000000        2.96470416666667      -0.512778764285692     
  0.890811250000000        3.26097458333333      -0.465375265002542     
  0.890811250000000        3.55724500000000      -0.418771281980925     
  0.890811250000000        3.85351541666667      -0.375803000235298     
  0.890811250000000        4.14978583333333      -0.337577858958874     
  0.890811250000000        4.44605625000000      -0.303955109525812     
  0.890811250000000        4.74232666666667      -0.274418580125579     
  0.890811250000000        5.03859708333333      -0.248648537014988     
  0.890811250000000        5.33486750000000      -0.226570069156170     
  0.890811250000000        5.63113791666667      -0.207990061202372     
  0.890811250000000        5.92740833333333      -0.192420360222076     
  0.890811250000000        6.22367875000000      -0.179227767980631     
  0.890811250000000        6.51994916666667      -0.167906530646977     
  0.890811250000000        6.81621958333333      -0.158074063949857     
  0.890811250000000        7.11249000000000      -0.148473559572661     
   1.18708166666667       2.000000000000000E-003 -0.499482039531140     
   1.18708166666667       0.298270416666667      -0.560595731867472     
   1.18708166666667       0.594540833333333      -0.618674431013951     
   1.18708166666667       0.890811250000000      -0.665927446010659     
   1.18708166666667        1.18708166666667      -0.695643951857722     
   1.18708166666667        1.48335208333333      -0.704805470315572     
   1.18708166666667        1.77962250000000      -0.693441254132116     
   1.18708166666667        2.07589291666667      -0.667907996268104     
   1.18708166666667        2.37216333333333      -0.636215365586138     
   1.18708166666667        2.66843375000000      -0.595181185437827     
   1.18708166666667        2.96470416666667      -0.546194834797939     
   1.18708166666667        3.26097458333333      -0.493466348494066     
   1.18708166666667        3.55724500000000      -0.441694845949030     
   1.18708166666667        3.85351541666667      -0.394189641859870     
   1.18708166666667        4.14978583333333      -0.352134908956488     
   1.18708166666667        4.44605625000000      -0.315240483469803     
   1.18708166666667        4.74232666666667      -0.282883630034973     
   1.18708166666667        5.03859708333333      -0.254734466789229     
   1.18708166666667        5.33486750000000      -0.230688601982279     
   1.18708166666667        5.63113791666667      -0.210542948037892     
   1.18708166666667        5.92740833333333      -0.193747502962395     
   1.18708166666667        6.22367875000000      -0.179616309269597     
   1.18708166666667        6.51994916666667      -0.167541687882218     
   1.18708166666667        6.81621958333333      -0.156918681157481     
   1.18708166666667        7.11249000000000      -0.146932613175009     
   1.48335208333333       2.000000000000000E-003 -0.494051225863131     
   1.48335208333333       0.298270416666667      -0.556773271347267     
   1.48335208333333       0.594540833333333      -0.617785251446399     
   1.48335208333333       0.890811250000000      -0.669730117051527     
   1.48335208333333        1.18708166666667      -0.704805015703313     
   1.48335208333333        1.48335208333333      -0.718556420673308     
   1.48335208333333        1.77962250000000      -0.712410988730785     
   1.48335208333333        2.07589291666667      -0.695982967230129     
   1.48335208333333        2.37216333333333      -0.668033674459049     
   1.48335208333333        2.66843375000000      -0.627880635520117     
   1.48335208333333        2.96470416666667      -0.577375136382640     
   1.48335208333333        3.26097458333333      -0.520142227945527     
   1.48335208333333        3.55724500000000      -0.463399823300031     
   1.48335208333333        3.85351541666667      -0.411211875089917     
   1.48335208333333        4.14978583333333      -0.365220279403697     
   1.48335208333333        4.44605625000000      -0.324890736077546     
   1.48335208333333        4.74232666666667      -0.289664305820800     
   1.48335208333333        5.03859708333333      -0.259267964946559     
   1.48335208333333        5.33486750000000      -0.233573058394624     
   1.48335208333333        5.63113791666667      -0.212220624652876     
   1.48335208333333        5.92740833333333      -0.194517907247992     
   1.48335208333333        6.22367875000000      -0.179620604767628     
   1.48335208333333        6.51994916666667      -0.166800417502807     
   1.48335208333333        6.81621958333333      -0.155487216858360     
   1.48335208333333        7.11249000000000      -0.145191877668453     
   1.77962250000000       2.000000000000000E-003 -0.481472158110501     
   1.77962250000000       0.298270416666667      -0.542467838931290     
   1.77962250000000       0.594540833333333      -0.602946648240336     
   1.77962250000000       0.890811250000000      -0.655742830553145     
   1.77962250000000        1.18708166666667      -0.693440358465701     
   1.77962250000000        1.48335208333333      -0.712410555336425     
   1.77962250000000        1.77962250000000      -0.718660078580656     
   1.77962250000000        2.07589291666667      -0.712609799236013     
   1.77962250000000        2.37216333333333      -0.693734850424502     
   1.77962250000000        2.66843375000000      -0.656110841074650     
   1.77962250000000        2.96470416666667      -0.603220070788905     
   1.77962250000000        3.26097458333333      -0.542682930179709     
   1.77962250000000        3.55724500000000      -0.481645401567737     
   1.77962250000000        3.85351541666667      -0.425544727245182     
   1.77962250000000        4.14978583333333      -0.375854829148501     
   1.77962250000000        4.44605625000000      -0.332451911124846     
   1.77962250000000        4.74232666666667      -0.294593640207004     
   1.77962250000000        5.03859708333333      -0.262104873359308     
   1.77962250000000        5.33486750000000      -0.235113915851266     
   1.77962250000000        5.63113791666667      -0.212966005164878     
   1.77962250000000        5.92740833333333      -0.194665489861627     
   1.77962250000000        6.22367875000000      -0.179195100774209     
   1.77962250000000        6.51994916666667      -0.165768395620057     
   1.77962250000000        6.81621958333333      -0.153919725474925     
   1.77962250000000        7.11249000000000      -0.143357506424231     
   2.07589291666667       2.000000000000000E-003 -0.463260603646566     
   2.07589291666667       0.298270416666667      -0.519971952531252     
   2.07589291666667       0.594540833333333      -0.577145940404199     
   2.07589291666667       0.890811250000000      -0.627679886485507     
   2.07589291666667        1.18708166666667      -0.667906792073620     
   2.07589291666667        1.48335208333333      -0.695982178710561     
   2.07589291666667        1.77962250000000      -0.712609419821287     
   2.07589291666667        2.07589291666667      -0.718960672451631     
   2.07589291666667        2.37216333333333      -0.705285620523097     
   2.07589291666667        2.66843375000000      -0.670233830800882     
   2.07589291666667        2.96470416666667      -0.618209436430663     
   2.07589291666667        3.26097458333333      -0.557067500437378     
   2.07589291666667        3.55724500000000      -0.494272368848030     
   2.07589291666667        3.85351541666667      -0.435358568948075     
   2.07589291666667        4.14978583333333      -0.382573064073842     
   2.07589291666667        4.44605625000000      -0.336430049661438     
   2.07589291666667        4.74232666666667      -0.296620753087814     
   2.07589291666667        5.03859708333333      -0.262908456231119     
   2.07589291666667        5.33486750000000      -0.235213661363527     
   2.07589291666667        5.63113791666667      -0.212733634400996     
   2.07589291666667        5.92740833333333      -0.194149405775840     
   2.07589291666667        6.22367875000000      -0.178306465184951     
   2.07589291666667        6.51994916666667      -0.164442016151307     
   2.07589291666667        6.81621958333333      -0.152209836578408     
   2.07589291666667        7.11249000000000      -0.141442021186562     
   2.37216333333333       2.000000000000000E-003 -0.441622071108552     
   2.37216333333333       0.298270416666667      -0.493391253300665     
   2.37216333333333       0.594540833333333      -0.546122753006956     
   2.37216333333333       0.890811250000000      -0.595127312455925     
   2.37216333333333        1.18708166666667      -0.636213954996168     
   2.37216333333333        1.48335208333333      -0.668032635503338     
   2.37216333333333        1.77962250000000      -0.693734166812701     
   2.37216333333333        2.07589291666667      -0.705285282087481     
   2.37216333333333        2.37216333333333      -0.696166219381911     
   2.37216333333333        2.66843375000000      -0.666475167778565     
   2.37216333333333        2.96470416666667      -0.619153590175289     
   2.37216333333333        3.26097458333333      -0.560985062017782     
   2.37216333333333        3.55724500000000      -0.499732878244793     
   2.37216333333333        3.85351541666667      -0.440126652789123     
   2.37216333333333        4.14978583333333      -0.385126274375401     
   2.37216333333333        4.44605625000000      -0.336923588831733     
   2.37216333333333        4.74232666666667      -0.295919868099049     
   2.37216333333333        5.03859708333333      -0.261699602831762     
   2.37216333333333        5.33486750000000      -0.233868708716652     
   2.37216333333333        5.63113791666667      -0.211571282158675     
   2.37216333333333        5.92740833333333      -0.192952675251394     
   2.37216333333333        6.22367875000000      -0.176892314141391     
   2.37216333333333        6.51994916666667      -0.162749706024271     
   2.37216333333333        6.81621958333333      -0.150290786102129     
   2.37216333333333        7.11249000000000      -0.139416940337423     
   2.66843375000000       2.000000000000000E-003 -0.418735473895756     
   2.66843375000000       0.298270416666667      -0.465348738005210     
   2.66843375000000       0.594540833333333      -0.512760563601445     
   2.66843375000000       0.890811250000000      -0.557055052966343     
   2.66843375000000        1.18708166666667      -0.595179712692578     
   2.66843375000000        1.48335208333333      -0.627879484933575     
   2.66843375000000        1.77962250000000      -0.656109973181667     
   2.66843375000000        2.07589291666667      -0.670233255180246     
   2.66843375000000        2.37216333333333      -0.666474910020390     
   2.66843375000000        2.66843375000000      -0.643425092173020     
   2.66843375000000        2.96470416666667      -0.602549581758314     
   2.66843375000000        3.26097458333333      -0.551489251358118     
   2.66843375000000        3.55724500000000      -0.497533488935006     
   2.66843375000000        3.85351541666667      -0.440282233686948     
   2.66843375000000        4.14978583333333      -0.384200403020764     
   2.66843375000000        4.44605625000000      -0.335146464274374     
   2.66843375000000        4.74232666666667      -0.293887791975763     
   2.66843375000000        5.03859708333333      -0.259647717758251     
   2.66843375000000        5.33486750000000      -0.231814195088913     
   2.66843375000000        5.63113791666667      -0.209597996989021     
   2.66843375000000        5.92740833333333      -0.191035383709154     
   2.66843375000000        6.22367875000000      -0.174828640660712     
   2.66843375000000        6.51994916666667      -0.160525342725736     
   2.66843375000000        6.81621958333333      -0.148000541232683     
   2.66843375000000        7.11249000000000      -0.137161408288055     
   2.96470416666667       2.000000000000000E-003 -0.393216919152776     
   2.96470416666667       0.298270416666667      -0.433873545879435     
   2.96470416666667       0.594540833333333      -0.474749757548369     
   2.96470416666667       0.890811250000000      -0.512777112080399     
   2.96470416666667        1.18708166666667      -0.546193448272656     
   2.96470416666667        1.48335208333333      -0.577374026874865     
   2.96470416666667        1.77962250000000      -0.603219180290646     
   2.96470416666667        2.07589291666667      -0.618208786841284     
   2.96470416666667        2.37216333333333      -0.619153238811312     
   2.96470416666667        2.66843375000000      -0.602549509440930     
   2.96470416666667        2.96470416666667      -0.568437446379591     
   2.96470416666667        3.26097458333333      -0.528274772015505     
   2.96470416666667        3.55724500000000      -0.489206116482545     
   2.96470416666667        3.85351541666667      -0.436635250053059     
   2.96470416666667        4.14978583333333      -0.381597239369478     
   2.96470416666667        4.44605625000000      -0.333505320294187     
   2.96470416666667        4.74232666666667      -0.292296124819731     
   2.96470416666667        5.03859708333333      -0.257738495318590     
   2.96470416666667        5.33486750000000      -0.229553165195997     
   2.96470416666667        5.63113791666667      -0.206906537502340     
   2.96470416666667        5.92740833333333      -0.188208704204184     
   2.96470416666667        6.22367875000000      -0.171872314185439     
   2.96470416666667        6.51994916666667      -0.157537001675634     
   2.96470416666667        6.81621958333333      -0.145115686293268     
   2.96470416666667        7.11249000000000      -0.134451201410385     
   3.26097458333333       2.000000000000000E-003 -0.365526943644192     
   3.26097458333333       0.298270416666667      -0.399854601368414     
   3.26097458333333       0.594540833333333      -0.433881832021588     
   3.26097458333333       0.890811250000000      -0.465373819396548     
   3.26097458333333        1.18708166666667      -0.493465149694747     
   3.26097458333333        1.48335208333333      -0.520141282865954     
   3.26097458333333        1.77962250000000      -0.542682162581871     
   3.26097458333333        2.07589291666667      -0.557066931684672     
   3.26097458333333        2.37216333333333      -0.560984769736188     
   3.26097458333333        2.66843375000000      -0.551489269349291     
   3.26097458333333        2.96470416666667      -0.528274972262760     
   3.26097458333333        3.26097458333333      -0.504044517606838     
   3.26097458333333        3.55724500000000      -0.476654229264636     
   3.26097458333333        3.85351541666667      -0.428628630771152     
   3.26097458333333        4.14978583333333      -0.381829743237377     
   3.26097458333333        4.44605625000000      -0.334450363728092     
   3.26097458333333        4.74232666666667      -0.291408652275378     
   3.26097458333333        5.03859708333333      -0.255338630320753     
   3.26097458333333        5.33486750000000      -0.226313234605427     
   3.26097458333333        5.63113791666667      -0.203120730197541     
   3.26097458333333        5.92740833333333      -0.184063916858128     
   3.26097458333333        6.22367875000000      -0.167694617682319     
   3.26097458333333        6.51994916666667      -0.153537968766266     
   3.26097458333333        6.81621958333333      -0.141444145968717     
   3.26097458333333        7.11249000000000      -0.131122700938973     
   3.55724500000000       2.000000000000000E-003 -0.337216680862626     
   3.55724500000000       0.298270416666667      -0.365536958771832     
   3.55724500000000       0.594540833333333      -0.393235912154315     
   3.55724500000000       0.890811250000000      -0.418770063095187     
   3.55724500000000        1.18708166666667      -0.441693860369719     
   3.55724500000000        1.48335208333333      -0.463399090508146     
   3.55724500000000        1.77962250000000      -0.481644828672438     
   3.55724500000000        2.07589291666667      -0.494271954547315     
   3.55724500000000        2.37216333333333      -0.499732675106448     
   3.55724500000000        2.66843375000000      -0.497533499726268     
   3.55724500000000        2.96470416666667      -0.489206233207465     
   3.55724500000000        3.26097458333333      -0.476654293355932     
   3.55724500000000        3.55724500000000      -0.443435953141572     
   3.55724500000000        3.85351541666667      -0.426564899785692     
   3.55724500000000        4.14978583333333      -0.385606180030679     
   3.55724500000000        4.44605625000000      -0.333592341555693     
   3.55724500000000        4.74232666666667      -0.287069548247116     
   3.55724500000000        5.03859708333333      -0.249516085060904     
   3.55724500000000        5.33486750000000      -0.220152241203734     
   3.55724500000000        5.63113791666667      -0.197009625525211     
   3.55724500000000        5.92740833333333      -0.178055792551594     
   3.55724500000000        6.22367875000000      -0.162014595592224     
   3.55724500000000        6.51994916666667      -0.148378503811732     
   3.55724500000000        6.81621958333333      -0.136892833797951     
   3.55724500000000        7.11249000000000      -0.127101286134766     
   3.85351541666667       2.000000000000000E-003 -0.309819766515352     
   3.85351541666667       0.298270416666667      -0.332940749741869     
   3.85351541666667       0.594540833333333      -0.355284041432668     
   3.85351541666667       0.890811250000000      -0.375801972109860     
   3.85351541666667        1.18708166666667      -0.394188829947006     
   3.85351541666667        1.48335208333333      -0.411211319754866     
   3.85351541666667        1.77962250000000      -0.425544331778432     
   3.85351541666667        2.07589291666667      -0.435358294142429     
   3.85351541666667        2.37216333333333      -0.440126501375960     
   3.85351541666667        2.66843375000000      -0.440282138835706     
   3.85351541666667        2.96470416666667      -0.436635059568740     
   3.85351541666667        3.26097458333333      -0.428628421294461     
   3.85351541666667        3.55724500000000      -0.426564733986247     
   3.85351541666667        3.85351541666667      -0.412796426409636     
   3.85351541666667        4.14978583333333      -0.370005468872560     
   3.85351541666667        4.44605625000000      -0.318584578535945     
   3.85351541666667        4.74232666666667      -0.273173799970259     
   3.85351541666667        5.03859708333333      -0.237128549768194     
   3.85351541666667        5.33486750000000      -0.209386544490444     
   3.85351541666667        5.63113791666667      -0.187709605297935     
   3.85351541666667        5.92740833333333      -0.169897797497949     
   3.85351541666667        6.22367875000000      -0.154802176882816     
   3.85351541666667        6.51994916666667      -0.142121483072927     
   3.85351541666667        6.81621958333333      -0.131534117234196     
   3.85351541666667        7.11249000000000      -0.122436187904416     
   4.14978583333333       2.000000000000000E-003 -0.284332258461629     
   4.14978583333333       0.298270416666667      -0.303184855440141     
   4.14978583333333       0.594540833333333      -0.321171610382787     
   4.14978583333333       0.890811250000000      -0.337576975577717     
   4.14978583333333        1.18708166666667      -0.352134213133936     
   4.14978583333333        1.48335208333333      -0.365219827821388     
   4.14978583333333        1.77962250000000      -0.375854544333211     
   4.14978583333333        2.07589291666667      -0.382572876607434     
   4.14978583333333        2.37216333333333      -0.385126159039140     
   4.14978583333333        2.66843375000000      -0.384200304381425     
   4.14978583333333        2.96470416666667      -0.381597089307377     
   4.14978583333333        3.26097458333333      -0.381829588344155     
   4.14978583333333        3.55724500000000      -0.385605960443059     
   4.14978583333333        3.85351541666667      -0.370005217508840     
   4.14978583333333        4.14978583333333      -0.332044582641186     
   4.14978583333333        4.44605625000000      -0.288494485905393     
   4.14978583333333        4.74232666666667      -0.249557530476011     
   4.14978583333333        5.03859708333333      -0.218389442297402     
   4.14978583333333        5.33486750000000      -0.194386158378625     
   4.14978583333333        5.63113791666667      -0.175649292835081     
   4.14978583333333        5.92740833333333      -0.159974467000285     
   4.14978583333333        6.22367875000000      -0.146422845497767     
   4.14978583333333        6.51994916666667      -0.135095267103336     
   4.14978583333333        6.81621958333333      -0.125628599875238     
   4.14978583333333        7.11249000000000      -0.117318289548010     
   4.44605625000000       2.000000000000000E-003 -0.261138666533699     
   4.44605625000000       0.298270416666667      -0.276535762150703     
   4.44605625000000       0.594540833333333      -0.290971249451597     
   4.44605625000000       0.890811250000000      -0.303954354292751     
   4.44605625000000        1.18708166666667      -0.315239876083270     
   4.44605625000000        1.48335208333333      -0.324890323629280     
   4.44605625000000        1.77962250000000      -0.332451675782136     
   4.44605625000000        2.07589291666667      -0.336429905185238     
   4.44605625000000        2.37216333333333      -0.336923500178744     
   4.44605625000000        2.66843375000000      -0.335146403041321     
   4.44605625000000        2.96470416666667      -0.333505244622117     
   4.44605625000000        3.26097458333333      -0.334450214933250     
   4.44605625000000        3.55724500000000      -0.333592028801163     
   4.44605625000000        3.85351541666667      -0.318584169635215     
   4.44605625000000        4.14978583333333      -0.288494230548525     
   4.44605625000000        4.44605625000000      -0.253783422544582     
   4.44605625000000        4.74232666666667      -0.222371571532103     
   4.44605625000000        5.03859708333333      -0.197046125594092     
   4.44605625000000        5.33486750000000      -0.177656084673083     
   4.44605625000000        5.63113791666667      -0.162621503961613     
   4.44605625000000        5.92740833333333      -0.149249357011208     
   4.44605625000000        6.22367875000000      -0.137562799095767     
   4.44605625000000        6.51994916666667      -0.127809996339575     
   4.44605625000000        6.81621958333333      -0.119543016209066     
   4.44605625000000        7.11249000000000      -0.112013536599222     
   4.74232666666667       2.000000000000000E-003 -0.240312810251442     
   4.74232666666667       0.298270416666667      -0.252877733065871     
   4.74232666666667       0.594540833333333      -0.264351057742332     
   4.74232666666667       0.890811250000000      -0.274417974414485     
   4.74232666666667        1.18708166666667      -0.282883126558486     
   4.74232666666667        1.48335208333333      -0.289663940826757     
   4.74232666666667        1.77962250000000      -0.294593426996373     
   4.74232666666667        2.07589291666667      -0.296620632352174     
   4.74232666666667        2.37216333333333      -0.295919799294278     
   4.74232666666667        2.66843375000000      -0.293887752285023     
   4.74232666666667        2.96470416666667      -0.292296068957680     
   4.74232666666667        3.26097458333333      -0.291408497581657     
   4.74232666666667        3.55724500000000      -0.287069225941003     
   4.74232666666667        3.85351541666667      -0.273173369134170     
   4.74232666666667        4.14978583333333      -0.249557163794855     
   4.74232666666667        4.44605625000000      -0.222371386481088     
   4.74232666666667        4.74232666666667      -0.197418863661073     
   4.74232666666667        5.03859708333333      -0.177314458234371     
   4.74232666666667        5.33486750000000      -0.162246570259186     
   4.74232666666667        5.63113791666667      -0.150138155377778     
   4.74232666666667        5.92740833333333      -0.138754454989718     
   4.74232666666667        6.22367875000000      -0.128948431262848     
   4.74232666666667        6.51994916666667      -0.120756024722110     
   4.74232666666667        6.81621958333333      -0.113605002415511     
   4.74232666666667        7.11249000000000      -0.106766605956707     
   5.03859708333333       2.000000000000000E-003 -0.221994302695718     
   5.03859708333333       0.298270416666667      -0.232182860060080     
   5.03859708333333       0.594540833333333      -0.241102616011134     
   5.03859708333333       0.890811250000000      -0.248648118779244     
   5.03859708333333        1.18708166666667      -0.254734101259080     
   5.03859708333333        1.48335208333333      -0.259267686014970     
   5.03859708333333        1.77962250000000      -0.262104692663872     
   5.03859708333333        2.07589291666667      -0.262908363089652     
   5.03859708333333        2.37216333333333      -0.261699559618295     
   5.03859708333333        2.66843375000000      -0.259647698881089     
   5.03859708333333        2.96470416666667      -0.257738458934683     
   5.03859708333333        3.26097458333333      -0.255338509717215     
   5.03859708333333        3.55724500000000      -0.249515828942023     
   5.03859708333333        3.85351541666667      -0.237128186305408     
   5.03859708333333        4.14978583333333      -0.218389073538939     
   5.03859708333333        4.44605625000000      -0.197045848920060     
   5.03859708333333        4.74232666666667      -0.177314319630706     
   5.03859708333333        5.03859708333333      -0.161579527118847     
   5.03859708333333        5.33486750000000      -0.149747505082692     
   5.03859708333333        5.63113791666667      -0.138859905706299     
   5.03859708333333        5.92740833333333      -0.129174010524805     
   5.03859708333333        6.22367875000000      -0.121032248283469     
   5.03859708333333        6.51994916666667      -0.114175811727307     
   5.03859708333333        6.81621958333333      -0.107978390928844     
   5.03859708333333        7.11249000000000      -0.101745026748123     
   5.33486750000000       2.000000000000000E-003 -0.206355341338677     
   5.33486750000000       0.298270416666667      -0.214536277446509     
   5.33486750000000       0.594540833333333      -0.221221288286762     
   5.33486750000000       0.890811250000000      -0.226569846642193     
   5.33486750000000        1.18708166666667      -0.230688387536422     
   5.33486750000000        1.48335208333333      -0.233572886243768     
   5.33486750000000        1.77962250000000      -0.235113804620099     
   5.33486750000000        2.07589291666667      -0.235213606434401     
   5.33486750000000        2.37216333333333      -0.233868695463273     
   5.33486750000000        2.66843375000000      -0.231814198338648     
   5.33486750000000        2.96470416666667      -0.229553151090878     
   5.33486750000000        3.26097458333333      -0.226313155083583     
   5.33486750000000        3.55724500000000      -0.220152054966321     
   5.33486750000000        3.85351541666667      -0.209386255260997     
   5.33486750000000        4.14978583333333      -0.194385819718232     
   5.33486750000000        4.44605625000000      -0.177655770787792     
   5.33486750000000        4.74232666666667      -0.162246344006191     
   5.33486750000000        5.03859708333333      -0.149747398468789     
   5.33486750000000        5.33486750000000      -0.138703872755105     
   5.33486750000000        5.63113791666667      -0.128975932431072     
   5.33486750000000        5.92740833333333      -0.120700544348048     
   5.33486750000000        6.22367875000000      -0.113911442161348     
   5.33486750000000        6.51994916666667      -0.108184554329382     
   5.33486750000000        6.81621958333333      -0.102805797690743     
   5.33486750000000        7.11249000000000      -9.715004831228055E-002
   5.63113791666667       2.000000000000000E-003 -0.193410870391550     
   5.63113791666667       0.298270416666667      -0.199839395054546     
   5.63113791666667       0.594540833333333      -0.204517994747669     
   5.63113791666667       0.890811250000000      -0.207989971881040     
   5.63113791666667        1.18708166666667      -0.210542839294899     
   5.63113791666667        1.48335208333333      -0.212220534634635     
   5.63113791666667        1.77962250000000      -0.212965960937456     
   5.63113791666667        2.07589291666667      -0.212733629758174     
   5.63113791666667        2.37216333333333      -0.211571296311526     
   5.63113791666667        2.66843375000000      -0.209598009004107     
   5.63113791666667        2.96470416666667      -0.206906525804664     
   5.63113791666667        3.26097458333333      -0.203120661650912     
   5.63113791666667        3.55724500000000      -0.197009470623275     
   5.63113791666667        3.85351541666667      -0.187709357426720     
   5.63113791666667        4.14978583333333      -0.175648981641648     
   5.63113791666667        4.44605625000000      -0.162621188994477     
   5.63113791666667        4.74232666666667      -0.150137898713159     
   5.63113791666667        5.03859708333333      -0.138859749473823     
   5.63113791666667        5.33486750000000      -0.128975881424212     
   5.63113791666667        5.63113791666667      -0.120474142028107     
   5.63113791666667        5.92740833333333      -0.113445230134596     
   5.63113791666667        6.22367875000000      -0.107797314945008     
   5.63113791666667        6.51994916666667      -0.102998076308929     
   5.63113791666667        6.81621958333333      -9.829255830974279E-002
   5.63113791666667        7.11249000000000      -9.312510300113092E-002
   5.92740833333333       2.000000000000000E-003 -0.183011140525425     
   5.92740833333333       0.298270416666667      -0.187802022412949     
   5.92740833333333       0.594540833333333      -0.190562541918647     
   5.92740833333333       0.890811250000000      -0.192420318677414     
   5.92740833333333        1.18708166666667      -0.193747431685171     
   5.92740833333333        1.48335208333333      -0.194517846774653     
   5.92740833333333        1.77962250000000      -0.194665478303196     
   5.92740833333333        2.07589291666667      -0.194149437919945     
   5.92740833333333        2.37216333333333      -0.192952717095831     
   5.92740833333333        2.66843375000000      -0.191035406105169     
   5.92740833333333        2.96470416666667      -0.188208685807863     
   5.92740833333333        3.26097458333333      -0.184063840836247     
   5.92740833333333        3.55724500000000      -0.178055646474373     
   5.92740833333333        3.85351541666667      -0.169897581011416     
   5.92740833333333        4.14978583333333      -0.159974200632790     
   5.92740833333333        4.44605625000000      -0.149249082626099     
   5.92740833333333        4.74232666666667      -0.138754226711297     
   5.92740833333333        5.03859708333333      -0.129173879675942     
   5.92740833333333        5.33486750000000      -0.120700536194301     
   5.92740833333333        5.63113791666667      -0.113445275817508     
   5.92740833333333        5.92740833333333      -0.107551157170324     
   5.92740833333333        6.22367875000000      -0.102842292019959     
   5.92740833333333        6.51994916666667      -9.875620497439565E-002
   5.92740833333333        6.81621958333333      -9.452419270313736E-002
   5.92740833333333        7.11249000000000      -8.966952621966616E-002
   6.22367875000000       2.000000000000000E-003 -0.174625499003070     
   6.22367875000000       0.298270416666667      -0.177682891748540     
   6.22367875000000       0.594540833333333      -0.178605479578990     
   6.22367875000000       0.890811250000000      -0.179227710942098     
   6.22367875000000        1.18708166666667      -0.179616230220082     
   6.22367875000000        1.48335208333333      -0.179620542144553     
   6.22367875000000        1.77962250000000      -0.179195094954076     
   6.22367875000000        2.07589291666667      -0.178306516268831     
   6.22367875000000        2.37216333333333      -0.176892376544298     
   6.22367875000000        2.66843375000000      -0.174828678756866     
   6.22367875000000        2.96470416666667      -0.171872308855420     
   6.22367875000000        3.26097458333333      -0.167694561470300     
   6.22367875000000        3.55724500000000      -0.162014487600454     
   6.22367875000000        3.85351541666667      -0.154802021958017     
   6.22367875000000        4.14978583333333      -0.146422658562728     
   6.22367875000000        4.44605625000000      -0.137562610677870     
   6.22367875000000        4.74232666666667      -0.128948289452983     
   6.22367875000000        5.03859708333333      -0.121032215675492     
   6.22367875000000        5.33486750000000      -0.113911544954542     
   6.22367875000000        5.63113791666667      -0.107797470869711     
   6.22367875000000        5.92740833333333      -0.102842407064606     
   6.22367875000000        6.22367875000000      -9.889998247131560E-002
   6.22367875000000        6.51994916666667      -9.540132215220125E-002
   6.22367875000000        6.81621958333333      -9.142131154340927E-002
   6.22367875000000        7.11249000000000      -8.658404987485109E-002
   6.51994916666667       2.000000000000000E-003 -0.166906447951817     
   6.51994916666667       0.298270416666667      -0.168109825738336     
   6.51994916666667       0.594540833333333      -0.167894305590454     
   6.51994916666667       0.890811250000000      -0.167906455212099     
   6.51994916666667        1.18708166666667      -0.167541606782091     
   6.51994916666667        1.48335208333333      -0.166800361598951     
   6.51994916666667        1.77962250000000      -0.165768400711533     
   6.51994916666667        2.07589291666667      -0.164442083892990     
   6.51994916666667        2.37216333333333      -0.162749786224430     
   6.51994916666667        2.66843375000000      -0.160525399405567     
   6.51994916666667        2.96470416666667      -0.157537020590651     
   6.51994916666667        3.26097458333333      -0.153537950868561     
   6.51994916666667        3.55724500000000      -0.148378456388554     
   6.51994916666667        3.85351541666667      -0.142121413939875     
   6.51994916666667        4.14978583333333      -0.135095186377590     
   6.51994916666667        4.44605625000000      -0.127809924530858     
   6.51994916666667        4.74232666666667      -0.120756003063316     
   6.51994916666667        5.03859708333333      -0.114175912091883     
   6.51994916666667        5.33486750000000      -0.108184775824859     
   6.51994916666667        5.63113791666667      -0.102998346504768     
   6.51994916666667        5.92740833333333      -9.875644774951936E-002
   6.51994916666667        6.22367875000000      -9.540146823790226E-002
   6.51994916666667        6.51994916666667      -9.244543027346587E-002
   6.51994916666667        6.81621958333333      -8.869327906675048E-002
   6.51994916666667        7.11249000000000      -8.359603164811200E-002
   6.81621958333333       2.000000000000000E-003 -0.156658600120221     
   6.81621958333333       0.298270416666667      -0.157941149753058     
   6.81621958333333       0.594540833333333      -0.158523985466263     
   6.81621958333333       0.890811250000000      -0.158074039125604     
   6.81621958333333        1.18708166666667      -0.156918648832597     
   6.81621958333333        1.48335208333333      -0.155487202584823     
   6.81621958333333        1.77962250000000      -0.153919764402491     
   6.81621958333333        2.07589291666667      -0.152209929891360     
   6.81621958333333        2.37216333333333      -0.150290884810345     
   6.81621958333333        2.66843375000000      -0.148000616620374     
   6.81621958333333        2.96470416666667      -0.145115732176650     
   6.81621958333333        3.26097458333333      -0.141444171214710     
   6.81621958333333        3.55724500000000      -0.136892851842627     
   6.81621958333333        3.85351541666667      -0.131534137298827     
   6.81621958333333        4.14978583333333      -0.125628627154395     
   6.81621958333333        4.44605625000000      -0.119543061042905     
   6.81621958333333        4.74232666666667      -0.113605095705346     
   6.81621958333333        5.03859708333333      -0.107978594322954     
   6.81621958333333        5.33486750000000      -0.102806095843190     
   6.81621958333333        5.63113791666667      -9.829289381232274E-002
   6.81621958333333        5.92740833333333      -9.452451139450511E-002
   6.81621958333333        6.22367875000000      -9.142156307782252E-002
   6.81621958333333        6.51994916666667      -8.869342096446028E-002
   6.81621958333333        6.81621958333333      -8.528738609251833E-002
   6.81621958333333        7.11249000000000      -8.012281866965931E-002
   7.11249000000000       2.000000000000000E-003 -0.142836562894460     
   7.11249000000000       0.298270416666667      -0.148415768541954     
   7.11249000000000       0.594540833333333      -0.149452977750444     
   7.11249000000000       0.890811250000000      -0.148473649292602     
   7.11249000000000        1.18708166666667      -0.146932663829173     
   7.11249000000000        1.48335208333333      -0.145191926170827     
   7.11249000000000        1.77962250000000      -0.143357591201368     
   7.11249000000000        2.07589291666667      -0.141442143313158     
   7.11249000000000        2.37216333333333      -0.139417052330720     
   7.11249000000000        2.66843375000000      -0.137161495012323     
   7.11249000000000        2.96470416666667      -0.134451265854919     
   7.11249000000000        3.26097458333333      -0.131122758549255     
   7.11249000000000        3.55724500000000      -0.127101354619869     
   7.11249000000000        3.85351541666667      -0.122436276919543     
   7.11249000000000        4.14978583333333      -0.117318399677466     
   7.11249000000000        4.44605625000000      -0.112013668389424     
   7.11249000000000        4.74232666666667      -0.106766776476910     
   7.11249000000000        5.03859708333333      -0.101745278539066     
   7.11249000000000        5.33486750000000      -9.715035958334636E-002
   7.11249000000000        5.63113791666667      -9.312543383420940E-002
   7.11249000000000        5.92740833333333      -8.966984006169615E-002
   7.11249000000000        6.22367875000000      -8.658430885552997E-002
   7.11249000000000        6.51994916666667      -8.359620169915676E-002
   7.11249000000000        6.81621958333333      -8.012290842587465E-002
   7.11249000000000        7.11249000000000      -7.462103008278247E-002
