  2.000000000000000E-003  2.000000000000000E-003 -0.234402994299791     
  2.000000000000000E-003  0.298270416666667      -0.248360913001126     
  2.000000000000000E-003  0.594540833333333      -0.254335217093281     
  2.000000000000000E-003  0.890811250000000      -0.254023284244949     
  2.000000000000000E-003   1.18708166666667      -0.251952295492824     
  2.000000000000000E-003   1.48335208333333      -0.249438710981165     
  2.000000000000000E-003   1.77962250000000      -0.246593800438818     
  2.000000000000000E-003   2.07589291666667      -0.243244617058852     
  2.000000000000000E-003   2.37216333333333      -0.239166464416054     
  2.000000000000000E-003   2.66843375000000      -0.234204464186339     
  2.000000000000000E-003   2.96470416666667      -0.228072299962396     
  2.000000000000000E-003   3.26097458333333      -0.220659644512832     
  2.000000000000000E-003   3.55724500000000      -0.212026640200525     
  2.000000000000000E-003   3.85351541666667      -0.202401996202131     
  2.000000000000000E-003   4.14978583333333      -0.192168676067332     
  2.000000000000000E-003   4.44605625000000      -0.181777132332765     
  2.000000000000000E-003   4.74232666666667      -0.171647903253454     
  2.000000000000000E-003   5.03859708333333      -0.162115496053359     
  2.000000000000000E-003   5.33486750000000      -0.153421451080105     
  2.000000000000000E-003   5.63113791666667      -0.145742093834337     
  2.000000000000000E-003   5.92740833333333      -0.139174047233086     
  2.000000000000000E-003   6.22367875000000      -0.133563128710794     
  2.000000000000000E-003   6.51994916666667      -0.127918193167330     
  2.000000000000000E-003   6.81621958333333      -0.119478060671544     
  2.000000000000000E-003   7.11249000000000      -0.109001829328487     
  0.298270416666667       2.000000000000000E-003 -0.258652283350033     
  0.298270416666667       0.298270416666667      -0.262316800231404     
  0.298270416666667       0.594540833333333      -0.267927814250247     
  0.298270416666667       0.890811250000000      -0.271906816239403     
  0.298270416666667        1.18708166666667      -0.273266413539012     
  0.298270416666667        1.48335208333333      -0.272940091425926     
  0.298270416666667        1.77962250000000      -0.271313240603200     
  0.298270416666667        2.07589291666667      -0.268418305225091     
  0.298270416666667        2.37216333333333      -0.264189296431702     
  0.298270416666667        2.66843375000000      -0.258472375871571     
  0.298270416666667        2.96470416666667      -0.251074176296896     
  0.298270416666667        3.26097458333333      -0.242014921763115     
  0.298270416666667        3.55724500000000      -0.231513550054487     
  0.298270416666667        3.85351541666667      -0.219961349627891     
  0.298270416666667        4.14978583333333      -0.207868804012224     
  0.298270416666667        4.44605625000000      -0.195760811793383     
  0.298270416666667        4.74232666666667      -0.184081814778295     
  0.298270416666667        5.03859708333333      -0.173156268715072     
  0.298270416666667        5.33486750000000      -0.163116588809637     
  0.298270416666667        5.63113791666667      -0.154066986314336     
  0.298270416666667        5.92740833333333      -0.146071576011526     
  0.298270416666667        6.22367875000000      -0.138968151205473     
  0.298270416666667        6.51994916666667      -0.132045794242136     
  0.298270416666667        6.81621958333333      -0.123813718552624     
  0.298270416666667        7.11249000000000      -0.113312184603962     
  0.594540833333333       2.000000000000000E-003 -0.278373128987385     
  0.594540833333333       0.298270416666667      -0.284799209618462     
  0.594540833333333       0.594540833333333      -0.287520523671598     
  0.594540833333333       0.890811250000000      -0.292893221480498     
  0.594540833333333        1.18708166666667      -0.297431774506679     
  0.594540833333333        1.48335208333333      -0.299732385054471     
  0.594540833333333        1.77962250000000      -0.299685603408725     
  0.594540833333333        2.07589291666667      -0.297408040720453     
  0.594540833333333        2.37216333333333      -0.292970510384432     
  0.594540833333333        2.66843375000000      -0.286257987465355     
  0.594540833333333        2.96470416666667      -0.277218032771886     
  0.594540833333333        3.26097458333333      -0.266049322016750     
  0.594540833333333        3.55724500000000      -0.253178124219192     
  0.594540833333333        3.85351541666667      -0.239213865968866     
  0.594540833333333        4.14978583333333      -0.224842330168926     
  0.594540833333333        4.44605625000000      -0.210679869309024     
  0.594540833333333        4.74232666666667      -0.197175662028535     
  0.594540833333333        5.03859708333333      -0.184612948178887     
  0.594540833333333        5.33486750000000      -0.173035582273071     
  0.594540833333333        5.63113791666667      -0.162471730686697     
  0.594540833333333        5.92740833333333      -0.153030842673632     
  0.594540833333333        6.22367875000000      -0.144671205710683     
  0.594540833333333        6.51994916666667      -0.136794961734782     
  0.594540833333333        6.81621958333333      -0.127413952754301     
  0.594540833333333        7.11249000000000      -0.115556075651884     
  0.890811250000000       2.000000000000000E-003 -0.294724216423908     
  0.890811250000000       0.298270416666667      -0.306380724166215     
  0.890811250000000       0.594540833333333      -0.313297189917438     
  0.890811250000000       0.890811250000000      -0.320673505031371     
  0.890811250000000        1.18708166666667      -0.327532855827867     
  0.890811250000000        1.48335208333333      -0.332009199084328     
  0.890811250000000        1.77962250000000      -0.333338566850885     
  0.890811250000000        2.07589291666667      -0.331509905301477     
  0.890811250000000        2.37216333333333      -0.326589785542366     
  0.890811250000000        2.66843375000000      -0.318479941095885     
  0.890811250000000        2.96470416666667      -0.307313999034192     
  0.890811250000000        3.26097458333333      -0.293481156132863     
  0.890811250000000        3.55724500000000      -0.277631248811027     
  0.890811250000000        3.85351541666667      -0.260650824644233     
  0.890811250000000        4.14978583333333      -0.243484406928361     
  0.890811250000000        4.44605625000000      -0.226875921969483     
  0.890811250000000        4.74232666666667      -0.211242298863742     
  0.890811250000000        5.03859708333333      -0.196752081458938     
  0.890811250000000        5.33486750000000      -0.183414221828828     
  0.890811250000000        5.63113791666667      -0.171155312663856     
  0.890811250000000        5.92740833333333      -0.160123170723786     
  0.890811250000000        6.22367875000000      -0.150313227720138     
  0.890811250000000        6.51994916666667      -0.141101226466156     
  0.890811250000000        6.81621958333333      -0.131053834586098     
  0.890811250000000        7.11249000000000      -0.120195202850683     
   1.18708166666667       2.000000000000000E-003 -0.311644676567774     
   1.18708166666667       0.298270416666667      -0.328533090924491     
   1.18708166666667       0.594540833333333      -0.342018786091435     
   1.18708166666667       0.890811250000000      -0.354047260646793     
   1.18708166666667        1.18708166666667      -0.364202633451201     
   1.18708166666667        1.48335208333333      -0.371055524119976     
   1.18708166666667        1.77962250000000      -0.373775165556560     
   1.18708166666667        2.07589291666667      -0.372276662988833     
   1.18708166666667        2.37216333333333      -0.366500921361928     
   1.18708166666667        2.66843375000000      -0.356499432309574     
   1.18708166666667        2.96470416666667      -0.342643061790860     
   1.18708166666667        3.26097458333333      -0.325472469901576     
   1.18708166666667        3.55724500000000      -0.305814182732216     
   1.18708166666667        3.85351541666667      -0.284940672820422     
   1.18708166666667        4.14978583333333      -0.264267528761548     
   1.18708166666667        4.44605625000000      -0.244747815664930     
   1.18708166666667        4.74232666666667      -0.226667845306513     
   1.18708166666667        5.03859708333333      -0.209949409314301     
   1.18708166666667        5.33486750000000      -0.194505692436961     
   1.18708166666667        5.63113791666667      -0.180261943148673     
   1.18708166666667        5.92740833333333      -0.167367402710907     
   1.18708166666667        6.22367875000000      -0.155895578618672     
   1.18708166666667        6.51994916666667      -0.145434163829035     
   1.18708166666667        6.81621958333333      -0.135185346016825     
   1.18708166666667        7.11249000000000      -0.125057055992806     
   1.48335208333333       2.000000000000000E-003 -0.330592861234588     
   1.48335208333333       0.298270416666667      -0.353271732464332     
   1.48335208333333       0.594540833333333      -0.373987626574392     
   1.48335208333333       0.890811250000000      -0.392455093351071     
   1.48335208333333        1.18708166666667      -0.407484575294871     
   1.48335208333333        1.48335208333333      -0.417733239754986     
   1.48335208333333        1.77962250000000      -0.422549161110433     
   1.48335208333333        2.07589291666667      -0.421613050652212     
   1.48335208333333        2.37216333333333      -0.414739070744299     
   1.48335208333333        2.66843375000000      -0.402352119504044     
   1.48335208333333        2.96470416666667      -0.385194209049142     
   1.48335208333333        3.26097458333333      -0.363758137697975     
   1.48335208333333        3.55724500000000      -0.339087139550449     
   1.48335208333333        3.85351541666667      -0.312918808826712     
   1.48335208333333        4.14978583333333      -0.287542522207483     
   1.48335208333333        4.44605625000000      -0.264609703248429     
   1.48335208333333        4.74232666666667      -0.243844416540329     
   1.48335208333333        5.03859708333333      -0.224603005201140     
   1.48335208333333        5.33486750000000      -0.206610498776839     
   1.48335208333333        5.63113791666667      -0.189965833150264     
   1.48335208333333        5.92740833333333      -0.174879440312145     
   1.48335208333333        6.22367875000000      -0.161581900633314     
   1.48335208333333        6.51994916666667      -0.149890058793607     
   1.48335208333333        6.81621958333333      -0.139271855226587     
   1.48335208333333        7.11249000000000      -0.129320970094566     
   1.77962250000000       2.000000000000000E-003 -0.351830992155718     
   1.77962250000000       0.298270416666667      -0.381167941467140     
   1.77962250000000       0.594540833333333      -0.409839533472884     
   1.77962250000000       0.890811250000000      -0.436021826644309     
   1.77962250000000        1.18708166666667      -0.457646182034288     
   1.77962250000000        1.48335208333333      -0.473144244848895     
   1.77962250000000        1.77962250000000      -0.481644828672439     
   1.77962250000000        2.07589291666667      -0.482258820944059     
   1.77962250000000        2.37216333333333      -0.474457044914123     
   1.77962250000000        2.66843375000000      -0.458363749887095     
   1.77962250000000        2.96470416666667      -0.436141038122188     
   1.77962250000000        3.26097458333333      -0.409558102780185     
   1.77962250000000        3.55724500000000      -0.379284182644187     
   1.77962250000000        3.85351541666667      -0.346855710024279     
   1.77962250000000        4.14978583333333      -0.315487375087047     
   1.77962250000000        4.44605625000000      -0.287648977164956     
   1.77962250000000        4.74232666666667      -0.263355789061847     
   1.77962250000000        5.03859708333333      -0.241186771392210     
   1.77962250000000        5.33486750000000      -0.220076450097565     
   1.77962250000000        5.63113791666667      -0.200402227008407     
   1.77962250000000        5.92740833333333      -0.182715197824157     
   1.77962250000000        6.22367875000000      -0.167375131035995     
   1.77962250000000        6.51994916666667      -0.154345371233073     
   1.77962250000000        6.81621958333333      -0.143135086896928     
   1.77962250000000        7.11249000000000      -0.133077113543482     
   2.07589291666667       2.000000000000000E-003 -0.375032260824658     
   2.07589291666667       0.298270416666667      -0.411851411541678     
   2.07589291666667       0.594540833333333      -0.449420452419570     
   2.07589291666667       0.890811250000000      -0.484646739140032     
   2.07589291666667        1.18708166666667      -0.514863956345477     
   2.07589291666667        1.48335208333333      -0.538164251014635     
   2.07589291666667        1.77962250000000      -0.553447222652634     
   2.07589291666667        2.07589291666667      -0.558483639316232     
   2.07589291666667        2.37216333333333      -0.548819291863322     
   2.07589291666667        2.66843375000000      -0.526697154807850     
   2.07589291666667        2.96470416666667      -0.497650649028452     
   2.07589291666667        3.26097458333333      -0.465571967548747     
   2.07589291666667        3.55724500000000      -0.429453104489088     
   2.07589291666667        3.85351541666667      -0.389193423752925     
   2.07589291666667        4.14978583333333      -0.350214755147606     
   2.07589291666667        4.44605625000000      -0.316689323079883     
   2.07589291666667        4.74232666666667      -0.287595767290007     
   2.07589291666667        5.03859708333333      -0.260611258646032     
   2.07589291666667        5.33486750000000      -0.235158116609407     
   2.07589291666667        5.63113791666667      -0.211635964540070     
   2.07589291666667        5.92740833333333      -0.190801334737047     
   2.07589291666667        6.22367875000000      -0.173139616180157     
   2.07589291666667        6.51994916666667      -0.158634540371395     
   2.07589291666667        6.81621958333333      -0.146710123850162     
   2.07589291666667        7.11249000000000      -0.136455526511241     
   2.37216333333333       2.000000000000000E-003 -0.399510790406935     
   2.37216333333333       0.298270416666667      -0.444589987801665     
   2.37216333333333       0.594540833333333      -0.491705788106624     
   2.37216333333333       0.890811250000000      -0.537020697676472     
   2.37216333333333        1.18708166666667      -0.577458896800627     
   2.37216333333333        1.48335208333333      -0.612079707598616     
   2.37216333333333        1.77962250000000      -0.640731531569371     
   2.37216333333333        2.07589291666667      -0.652041376826073     
   2.37216333333333        2.37216333333333      -0.640782626148296     
   2.37216333333333        2.66843375000000      -0.610636653393773     
   2.37216333333333        2.96470416666667      -0.572026514934910     
   2.37216333333333        3.26097458333333      -0.534694018905841     
   2.37216333333333        3.55724500000000      -0.493289290784693     
   2.37216333333333        3.85351541666667      -0.441992005346291     
   2.37216333333333        4.14978583333333      -0.393208311390066     
   2.37216333333333        4.44605625000000      -0.354104948167589     
   2.37216333333333        4.74232666666667      -0.319137997417472     
   2.37216333333333        5.03859708333333      -0.284648430155175     
   2.37216333333333        5.33486750000000      -0.251952220583426     
   2.37216333333333        5.63113791666667      -0.223378524253642     
   2.37216333333333        5.92740833333333      -0.198888498554313     
   2.37216333333333        6.22367875000000      -0.178678921189242     
   2.37216333333333        6.51994916666667      -0.162606668737380     
   2.37216333333333        6.81621958333333      -0.149929094099703     
   2.37216333333333        7.11249000000000      -0.139487151804887     
   2.66843375000000       2.000000000000000E-003 -0.423628420954208     
   2.66843375000000       0.298270416666667      -0.476793720339593     
   2.66843375000000       0.594540833333333      -0.533104930533409     
   2.66843375000000       0.890811250000000      -0.588385381799605     
   2.66843375000000        1.18708166666667      -0.640510136848212     
   2.66843375000000        1.48335208333333      -0.691741332443409     
   2.66843375000000        1.77962250000000      -0.738191735356702     
   2.66843375000000        2.07589291666667      -0.760149719966722     
   2.66843375000000        2.37216333333333      -0.751643259600877     
   2.66843375000000        2.66843375000000      -0.713141310439666     
   2.66843375000000        2.96470416666667      -0.659420249176379     
   2.66843375000000        3.26097458333333      -0.616373323908099     
   2.66843375000000        3.55724500000000      -0.573118309466936     
   2.66843375000000        3.85351541666667      -0.505585460939669     
   2.66843375000000        4.14978583333333      -0.447949036794475     
   2.66843375000000        4.44605625000000      -0.406055294260279     
   2.66843375000000        4.74232666666667      -0.362076131557781     
   2.66843375000000        5.03859708333333      -0.314736642422984     
   2.66843375000000        5.33486750000000      -0.270601714311661     
   2.66843375000000        5.63113791666667      -0.234827905978856     
   2.66843375000000        5.92740833333333      -0.206444360988228     
   2.66843375000000        6.22367875000000      -0.183687316526125     
   2.66843375000000        6.51994916666667      -0.166099511450484     
   2.66843375000000        6.81621958333333      -0.152725169384261     
   2.66843375000000        7.11249000000000      -0.142147301178968     
   2.96470416666667       2.000000000000000E-003 -0.443965463573557     
   2.96470416666667       0.298270416666667      -0.503957602635040     
   2.96470416666667       0.594540833333333      -0.568058909660385     
   2.96470416666667       0.890811250000000      -0.632297761463617     
   2.96470416666667        1.18708166666667      -0.696567974058930     
   2.96470416666667        1.48335208333333      -0.768743014991960     
   2.96470416666667        1.77962250000000      -0.832591369102612     
   2.96470416666667        2.07589291666667      -0.871020363536751     
   2.96470416666667        2.37216333333333      -0.875341626844236     
   2.96470416666667        2.66843375000000      -0.836026555842996     
   2.96470416666667        2.96470416666667      -0.760924460295290     
   2.96470416666667        3.26097458333333      -0.700069232629581     
   2.96470416666667        3.55724500000000      -0.660411700857948     
   2.96470416666667        3.85351541666667      -0.578113162922287     
   2.96470416666667        4.14978583333333      -0.529935108452910     
   2.96470416666667        4.44605625000000      -0.485694440932645     
   2.96470416666667        4.74232666666667      -0.420142525517398     
   2.96470416666667        5.03859708333333      -0.350119109668638     
   2.96470416666667        5.33486750000000      -0.289848719555440     
   2.96470416666667        5.63113791666667      -0.244628331572175     
   2.96470416666667        5.92740833333333      -0.212695829186670     
   2.96470416666667        6.22367875000000      -0.187743791985497     
   2.96470416666667        6.51994916666667      -0.168878315969780     
   2.96470416666667        6.81621958333333      -0.154928325704809     
   2.96470416666667        7.11249000000000      -0.144252709907737     
   3.26097458333333       2.000000000000000E-003 -0.457573635730492     
   3.26097458333333       0.298270416666667      -0.522124028673630     
   3.26097458333333       0.594540833333333      -0.591489622689134     
   3.26097458333333       0.890811250000000      -0.662149412587106     
   3.26097458333333        1.18708166666667      -0.736180023860232     
   3.26097458333333        1.48335208333333      -0.824241430853869     
   3.26097458333333        1.77962250000000      -0.904204979644611     
   3.26097458333333        2.07589291666667      -0.960494019726246     
   3.26097458333333        2.37216333333333      -0.985579550846750     
   3.26097458333333        2.66843375000000      -0.965138956914358     
   3.26097458333333        2.96470416666667      -0.890356589540939     
   3.26097458333333        3.26097458333333      -0.787067476620087     
   3.26097458333333        3.55724500000000      -0.718993125216664     
   3.26097458333333        3.85351541666667      -0.683391632807961     
   3.26097458333333        4.14978583333333      -0.674262569307815     
   3.26097458333333        4.44605625000000      -0.593421603164914     
   3.26097458333333        4.74232666666667      -0.482713824023477     
   3.26097458333333        5.03859708333333      -0.382706681215345     
   3.26097458333333        5.33486750000000      -0.305597603067135     
   3.26097458333333        5.63113791666667      -0.251812885394488     
   3.26097458333333        5.92740833333333      -0.216830374030758     
   3.26097458333333        6.22367875000000      -0.190405052084375     
   3.26097458333333        6.51994916666667      -0.170685539476248     
   3.26097458333333        6.81621958333333      -0.156351560317713     
   3.26097458333333        7.11249000000000      -0.145612728782606     
   3.55724500000000       2.000000000000000E-003 -0.462377546860169     
   3.55724500000000       0.298270416666667      -0.528520567436220     
   3.55724500000000       0.594540833333333      -0.599742059247419     
   3.55724500000000       0.890811250000000      -0.672755734517563     
   3.55724500000000        1.18708166666667      -0.750599497088704     
   3.55724500000000        1.48335208333333      -0.845279784492226     
   3.55724500000000        1.77962250000000      -0.930202104881902     
   3.55724500000000        2.07589291666667      -0.995305828220458     
   3.55724500000000        2.37216333333333       -1.03207484614143     
   3.55724500000000        2.66843375000000       -1.02964262317346     
   3.55724500000000        2.96470416666667      -0.982536559485705     
   3.55724500000000        3.26097458333333      -0.894629622501525     
   3.55724500000000        3.55724500000000      -0.731015775667467     
   3.55724500000000        3.85351541666667      -0.806051158675615     
   3.55724500000000        4.14978583333333      -0.787967730885672     
   3.55724500000000        4.44605625000000      -0.654799192799502     
   3.55724500000000        4.74232666666667      -0.512291598881893     
   3.55724500000000        5.03859708333333      -0.396596396007098     
   3.55724500000000        5.33486750000000      -0.311884101948401     
   3.55724500000000        5.63113791666667      -0.254445180261014     
   3.55724500000000        5.92740833333333      -0.218277973203462     
   3.55724500000000        6.22367875000000      -0.191338529232590     
   3.55724500000000        6.51994916666667      -0.171319546935546     
   3.55724500000000        6.81621958333333      -0.156850121319338     
   3.55724500000000        7.11249000000000      -0.146088453351425     
   3.85351541666667       2.000000000000000E-003 -0.457563173339137     
   3.85351541666667       0.298270416666667      -0.522109287787684     
   3.85351541666667       0.594540833333333      -0.591470900699000     
   3.85351541666667       0.890811250000000      -0.662126754792584     
   3.85351541666667        1.18708166666667      -0.736152145471421     
   3.85351541666667        1.48335208333333      -0.824203613195710     
   3.85351541666667        1.77962250000000      -0.904150020010333     
   3.85351541666667        2.07589291666667      -0.960410693831533     
   3.85351541666667        2.37216333333333      -0.985449116162087     
   3.85351541666667        2.66843375000000      -0.964936705245932     
   3.85351541666667        2.96470416666667      -0.890083825061094     
   3.85351541666667        3.26097458333333      -0.786860760871110     
   3.85351541666667        3.55724500000000      -0.718912126387595     
   3.85351541666667        3.85351541666667      -0.683533808438747     
   3.85351541666667        4.14978583333333      -0.674570370661032     
   3.85351541666667        4.44605625000000      -0.593641972617049     
   3.85351541666667        4.74232666666667      -0.482834371528718     
   3.85351541666667        5.03859708333333      -0.382766710196238     
   3.85351541666667        5.33486750000000      -0.305627332291753     
   3.85351541666667        5.63113791666667      -0.251830621553230     
   3.85351541666667        5.92740833333333      -0.216845794152841     
   3.85351541666667        6.22367875000000      -0.190421358670732     
   3.85351541666667        6.51994916666667      -0.170703823895936     
   3.85351541666667        6.81621958333333      -0.156371497015879     
   3.85351541666667        7.11249000000000      -0.145632868865962     
   4.14978583333333       2.000000000000000E-003 -0.443946202790280     
   4.14978583333333       0.298270416666667      -0.503930193880380     
   4.14978583333333       0.594540833333333      -0.568024104139658     
   4.14978583333333       0.890811250000000      -0.632256091118334     
   4.14978583333333        1.18708166666667      -0.696518126934896     
   4.14978583333333        1.48335208333333      -0.768678709458549     
   4.14978583333333        1.77962250000000      -0.832503255271818     
   4.14978583333333        2.07589291666667      -0.870897769597086     
   4.14978583333333        2.37216333333333      -0.875172921982738     
   4.14978583333333        2.66843375000000      -0.835815684356813     
   4.14978583333333        2.96470416666667      -0.760723017100282     
   4.14978583333333        3.26097458333333      -0.699948133834906     
   4.14978583333333        3.55724500000000      -0.660271889019572     
   4.14978583333333        3.85351541666667      -0.578073525343767     
   4.14978583333333        4.14978583333333      -0.530113034327640     
   4.14978583333333        4.44605625000000      -0.485902918409374     
   4.14978583333333        4.74232666666667      -0.420288103482288     
   4.14978583333333        5.03859708333333      -0.350203820090545     
   4.14978583333333        5.33486750000000      -0.289896845435033     
   4.14978583333333        5.63113791666667      -0.244661455570011     
   4.14978583333333        5.92740833333333      -0.212726756429615     
   4.14978583333333        6.22367875000000      -0.187776780202499     
   4.14978583333333        6.51994916666667      -0.168914918288416     
   4.14978583333333        6.81621958333333      -0.154967451550117     
   4.14978583333333        7.11249000000000      -0.144291453189092     
   4.44605625000000       2.000000000000000E-003 -0.423603547905769     
   4.44605625000000       0.298270416666667      -0.476757120820417     
   4.44605625000000       0.594540833333333      -0.533058185638554     
   4.44605625000000       0.890811250000000      -0.588330263199310     
   4.44605625000000        1.18708166666667      -0.640446769874363     
   4.44605625000000        1.48335208333333      -0.691665839229520     
   4.44605625000000        1.77962250000000      -0.738096637839851     
   4.44605625000000        2.07589291666667      -0.760032225053758     
   4.44605625000000        2.37216333333333      -0.751508001014605     
   4.44605625000000        2.66843375000000      -0.713010641349712     
   4.44605625000000        2.96470416666667      -0.659332433164379     
   4.44605625000000        3.26097458333333      -0.616325814472509     
   4.44605625000000        3.55724500000000      -0.573043757086829     
   4.44605625000000        3.85351541666667      -0.505534871561321     
   4.44605625000000        4.14978583333333      -0.448010065283726     
   4.44605625000000        4.44605625000000      -0.406177134450447     
   4.44605625000000        4.74232666666667      -0.362188610636763     
   4.44605625000000        5.03859708333333      -0.314817382590436     
   4.44605625000000        5.33486750000000      -0.270658061773922     
   4.44605625000000        5.63113791666667      -0.234875040028962     
   4.44605625000000        5.92740833333333      -0.206491230517508     
   4.44605625000000        6.22367875000000      -0.183737943455661     
   4.44605625000000        6.51994916666667      -0.166154703610188     
   4.44605625000000        6.81621958333333      -0.152782410687909     
   4.44605625000000        7.11249000000000      -0.142201907977954     
   4.74232666666667       2.000000000000000E-003 -0.399485062490003     
   4.74232666666667       0.298270416666667      -0.444548463075225     
   4.74232666666667       0.594540833333333      -0.491651369136408     
   4.74232666666667       0.890811250000000      -0.536957385324575     
   4.74232666666667        1.18708166666667      -0.577389309246301     
   4.74232666666667        1.48335208333333      -0.612003754436274     
   4.74232666666667        1.77962250000000      -0.640646077566746     
   4.74232666666667        2.07589291666667      -0.651949114272623     
   4.74232666666667        2.37216333333333      -0.640695260314427     
   4.74232666666667        2.66843375000000      -0.610574889588986     
   4.74232666666667        2.96470416666667      -0.572006996540083     
   4.74232666666667        3.26097458333333      -0.534701649988885     
   4.74232666666667        3.55724500000000      -0.493289149267786     
   4.74232666666667        3.85351541666667      -0.441995242648674     
   4.74232666666667        4.14978583333333      -0.393251407171998     
   4.74232666666667        4.44605625000000      -0.354182957359608     
   4.74232666666667        4.74232666666667      -0.319221743833286     
   4.74232666666667        5.03859708333333      -0.284721057887372     
   4.74232666666667        5.33486750000000      -0.252014732044068     
   4.74232666666667        5.63113791666667      -0.223439174658067     
   4.74232666666667        5.92740833333333      -0.198952292195629     
   4.74232666666667        6.22367875000000      -0.178748763775138     
   4.74232666666667        6.51994916666667      -0.162681372943022     
   4.74232666666667        6.81621958333333      -0.150003374774081     
   4.74232666666667        7.11249000000000      -0.139553937385232     
   5.03859708333333       2.000000000000000E-003 -0.375013350082305     
   5.03859708333333       0.298270416666667      -0.411809760223890     
   5.03859708333333       0.594540833333333      -0.449361596222341     
   5.03859708333333       0.890811250000000      -0.484578577436875     
   5.03859708333333        1.18708166666667      -0.514792737383168     
   5.03859708333333        1.48335208333333      -0.538092803318819     
   5.03859708333333        1.77962250000000      -0.553376669331418     
   5.03859708333333        2.07589291666667      -0.558417242693531     
   5.03859708333333        2.37216333333333      -0.548768230052007     
   5.03859708333333        2.66843375000000      -0.526675526929331     
   5.03859708333333        2.96470416666667      -0.497665156565535     
   5.03859708333333        3.26097458333333      -0.465611677632631     
   5.03859708333333        3.55724500000000      -0.429498697154830     
   5.03859708333333        3.85351541666667      -0.389241180123668     
   5.03859708333333        4.14978583333333      -0.350273844987975     
   5.03859708333333        4.44605625000000      -0.316760549915597     
   5.03859708333333        4.74232666666667      -0.287670164842911     
   5.03859708333333        5.03859708333333      -0.260682648516416     
   5.03859708333333        5.33486750000000      -0.235228320263257     
   5.03859708333333        5.63113791666667      -0.211709455478360     
   5.03859708333333        5.92740833333333      -0.190882690461692     
   5.03859708333333        6.22367875000000      -0.173230619279349     
   5.03859708333333        6.51994916666667      -0.158730745998886     
   5.03859708333333        6.81621958333333      -0.146800752259457     
   5.03859708333333        7.11249000000000      -0.136529149349083     
   5.33486750000000       2.000000000000000E-003 -0.351823736375426     
   5.33486750000000       0.298270416666667      -0.381125550357004     
   5.33486750000000       0.594540833333333      -0.409773412996982     
   5.33486750000000       0.890811250000000      -0.435948630282315     
   5.33486750000000        1.18708166666667      -0.457576067621408     
   5.33486750000000        1.48335208333333      -0.473079563218615     
   5.33486750000000        1.77962250000000      -0.481587236506309     
   5.33486750000000        2.07589291666667      -0.482211637415898     
   5.33486750000000        2.37216333333333      -0.474427456217381     
   5.33486750000000        2.66843375000000      -0.458361028698063     
   5.33486750000000        2.96470416666667      -0.436168771415148     
   5.33486750000000        3.26097458333333      -0.409610302667652     
   5.33486750000000        3.55724500000000      -0.379349109552594     
   5.33486750000000        3.85351541666667      -0.346925953781932     
   5.33486750000000        4.14978583333333      -0.315560709740174     
   5.33486750000000        4.44605625000000      -0.287723988554584     
   5.33486750000000        4.74232666666667      -0.263430048596405     
   5.33486750000000        5.03859708333333      -0.241260161368887     
   5.33486750000000        5.33486750000000      -0.220152045893951     
   5.33486750000000        5.63113791666667      -0.200485465075782     
   5.33486750000000        5.92740833333333      -0.182812233664511     
   5.33486750000000        6.22367875000000      -0.167488456785086     
   5.33486750000000        6.51994916666667      -0.154465632581167     
   5.33486750000000        6.81621958333333      -0.143241451312636     
   5.33486750000000        7.11249000000000      -0.133149946877646     
   5.63113791666667       2.000000000000000E-003 -0.330600027556757     
   5.63113791666667       0.298270416666667      -0.353219997891033     
   5.63113791666667       0.594540833333333      -0.373903393424528     
   5.63113791666667       0.890811250000000      -0.392371664623547     
   5.63113791666667        1.18708166666667      -0.407416443385833     
   5.63113791666667        1.48335208333333      -0.417678995536691     
   5.63113791666667        1.77962250000000      -0.422504331395402     
   5.63113791666667        2.07589291666667      -0.421579191666501     
   5.63113791666667        2.37216333333333      -0.414720842231481     
   5.63113791666667        2.66843375000000      -0.402355525853682     
   5.63113791666667        2.96470416666667      -0.385222851380575     
   5.63113791666667        3.26097458333333      -0.363809325943876     
   5.63113791666667        3.55724500000000      -0.339153756833794     
   5.63113791666667        3.85351541666667      -0.312992982474469     
   5.63113791666667        4.14978583333333      -0.287618819619305     
   5.63113791666667        4.44605625000000      -0.264684587273406     
   5.63113791666667        4.74232666666667      -0.243917137881114     
   5.63113791666667        5.03859708333333      -0.224674647691315     
   5.63113791666667        5.33486750000000      -0.206684682556907     
   5.63113791666667        5.63113791666667      -0.190049825530127     
   5.63113791666667        5.92740833333333      -0.174984943267193     
   5.63113791666667        6.22367875000000      -0.161714936410537     
   5.63113791666667        6.51994916666667      -0.150037101890481     
   5.63113791666667        6.81621958333333      -0.139394986286855     
   5.63113791666667        7.11249000000000      -0.129383013476915     
   5.92740833333333       2.000000000000000E-003 -0.311666316591375     
   5.92740833333333       0.298270416666667      -0.328453242863647     
   5.92740833333333       0.594540833333333      -0.341902228750944     
   5.92740833333333       0.890811250000000      -0.353954677018362     
   5.92740833333333        1.18708166666667      -0.364144739404980     
   5.92740833333333        1.48335208333333      -0.371018817318186     
   5.92740833333333        1.77962250000000      -0.373747372281344     
   5.92740833333333        2.07589291666667      -0.372255188401671     
   5.92740833333333        2.37216333333333      -0.366490319493391     
   5.92740833333333        2.66843375000000      -0.356504749891516     
   5.92740833333333        2.96470416666667      -0.342667652088016     
   5.92740833333333        3.26097458333333      -0.325516070380799     
   5.92740833333333        3.55724500000000      -0.305872924178347     
   5.92740833333333        3.85351541666667      -0.285008531005259     
   5.92740833333333        4.14978583333333      -0.264338560573816     
   5.92740833333333        4.44605625000000      -0.244817754654645     
   5.92740833333333        4.74232666666667      -0.226734406042810     
   5.92740833333333        5.03859708333333      -0.210012275138741     
   5.92740833333333        5.33486750000000      -0.194566745544407     
   5.92740833333333        5.63113791666667      -0.180331543484266     
   5.92740833333333        5.92740833333333      -0.167463555637315     
   5.92740833333333        6.22367875000000      -0.156034788278299     
   5.92740833333333        6.51994916666667      -0.145607306686262     
   5.92740833333333        6.81621958333333      -0.135329729408648     
   5.92740833333333        7.11249000000000      -0.125095892996599     
   6.22367875000000       2.000000000000000E-003 -0.294755357168937     
   6.22367875000000       0.298270416666667      -0.306242229463912     
   6.22367875000000       0.594540833333333      -0.313149168385804     
   6.22367875000000       0.890811250000000      -0.320600321691415     
   6.22367875000000        1.18708166666667      -0.327512382205893     
   6.22367875000000        1.48335208333333      -0.332005972978816     
   6.22367875000000        1.77962250000000      -0.333334745569999     
   6.22367875000000        2.07589291666667      -0.331503243946227     
   6.22367875000000        2.37216333333333      -0.326586629733005     
   6.22367875000000        2.66843375000000      -0.318486978373851     
   6.22367875000000        2.96470416666667      -0.307335535522589     
   6.22367875000000        3.26097458333333      -0.293518496154830     
   6.22367875000000        3.55724500000000      -0.277682286658891     
   6.22367875000000        3.85351541666667      -0.260710819918033     
   6.22367875000000        4.14978583333333      -0.243547647106780     
   6.22367875000000        4.44605625000000      -0.226937244853552     
   6.22367875000000        4.74232666666667      -0.211297862068550     
   6.22367875000000        5.03859708333333      -0.196798663379228     
   6.22367875000000        5.33486750000000      -0.183450638387490     
   6.22367875000000        5.63113791666667      -0.171190696610347     
   6.22367875000000        5.92740833333333      -0.160178133705250     
   6.22367875000000        6.22367875000000      -0.150420788782864     
   6.22367875000000        6.51994916666667      -0.141281573486894     
   6.22367875000000        6.81621958333333      -0.131229901920876     
   6.22367875000000        7.11249000000000      -0.120201047403285     
   6.51994916666667       2.000000000000000E-003 -0.278388555544469     
   6.51994916666667       0.298270416666667      -0.284589318360410     
   6.51994916666667       0.594540833333333      -0.287419221108499     
   6.51994916666667       0.890811250000000      -0.292918191324755     
   6.51994916666667        1.18708166666667      -0.297491555752101     
   6.51994916666667        1.48335208333333      -0.299780513216802     
   6.51994916666667        1.77962250000000      -0.299712291186811     
   6.51994916666667        2.07589291666667      -0.297418785451234     
   6.51994916666667        2.37216333333333      -0.292976018873580     
   6.51994916666667        2.66843375000000      -0.286267535956085     
   6.51994916666667        2.96470416666667      -0.277237400657383     
   6.51994916666667        3.26097458333333      -0.266081093767136     
   6.51994916666667        3.55724500000000      -0.253221463615214     
   6.51994916666667        3.85351541666667      -0.239264974513998     
   6.51994916666667        4.14978583333333      -0.224895860084039     
   6.51994916666667        4.44605625000000      -0.210730269895002     
   6.51994916666667        4.74232666666667      -0.197217655661253     
   6.51994916666667        5.03859708333333      -0.184639391224520     
   6.51994916666667        5.33486750000000      -0.173041969598542     
   6.51994916666667        5.63113791666667      -0.162459716689201     
   6.51994916666667        5.92740833333333      -0.153011494808515     
   6.51994916666667        6.22367875000000      -0.144680768904549     
   6.51994916666667        6.51994916666667      -0.136907566944018     
   6.51994916666667        6.81621958333333      -0.127626921122242     
   6.51994916666667        7.11249000000000      -0.115556898914756     
   6.81621958333333       2.000000000000000E-003 -0.258597366582106     
   6.81621958333333       0.298270416666667      -0.262199743208183     
   6.81621958333333       0.594540833333333      -0.268065696309158     
   6.81621958333333       0.890811250000000      -0.272102968465379     
   6.81621958333333        1.18708166666667      -0.273420506067967     
   6.81621958333333        1.48335208333333      -0.273039109100538     
   6.81621958333333        1.77962250000000      -0.271368687187568     
   6.81621958333333        2.07589291666667      -0.268446013384051     
   6.81621958333333        2.37216333333333      -0.264204420611624     
   6.81621958333333        2.66843375000000      -0.258486077285483     
   6.81621958333333        2.96470416666667      -0.251093268675692     
   6.81621958333333        3.26097458333333      -0.242042769457525     
   6.81621958333333        3.55724500000000      -0.231550243590383     
   6.81621958333333        3.85351541666667      -0.220004026146632     
   6.81621958333333        4.14978583333333      -0.207912818524215     
   6.81621958333333        4.44605625000000      -0.195800770231461     
   6.81621958333333        4.74232666666667      -0.184111625278142     
   6.81621958333333        5.03859708333333      -0.173166739178614     
   6.81621958333333        5.33486750000000      -0.163100068134937     
   6.81621958333333        5.63113791666667      -0.154017567768187     
   6.81621958333333        5.92740833333333      -0.145984719006451     
   6.81621958333333        6.22367875000000      -0.138852611522458     
   6.81621958333333        6.51994916666667      -0.131972670281999     
   6.81621958333333        6.81621958333333      -0.123961573929351     
   6.81621958333333        7.11249000000000      -0.113418827912624     
   7.11249000000000       2.000000000000000E-003 -0.234312773446368     
   7.11249000000000       0.298270416666667      -0.248490592125416     
   7.11249000000000       0.594540833333333      -0.254634259568815     
   7.11249000000000       0.890811250000000      -0.254290703401846     
   7.11249000000000        1.18708166666667      -0.252139745476291     
   7.11249000000000        1.48335208333333      -0.249557821750815     
   7.11249000000000        1.77962250000000      -0.246664511792723     
   7.11249000000000        2.07589291666667      -0.243284873978604     
   7.11249000000000        2.37216333333333      -0.239191069449484     
   7.11249000000000        2.66843375000000      -0.234224382778924     
   7.11249000000000        2.96470416666667      -0.228094024210495     
   7.11249000000000        3.26097458333333      -0.220686693157970     
   7.11249000000000        3.55724500000000      -0.212059679670933     
   7.11249000000000        3.85351541666667      -0.202438970234738     
   7.11249000000000        4.14978583333333      -0.192205808736753     
   7.11249000000000        4.44605625000000      -0.181809781328665     
   7.11249000000000        4.74232666666667      -0.171670368178916     
   7.11249000000000        5.03859708333333      -0.162119169023062     
   7.11249000000000        5.33486750000000      -0.153399673930200     
   7.11249000000000        5.63113791666667      -0.145688507556021     
   7.11249000000000        5.92740833333333      -0.139082813221739     
   7.11249000000000        6.22367875000000      -0.133434298336846     
   7.11249000000000        6.51994916666667      -0.127790297401711     
   7.11249000000000        6.81621958333333      -0.119484412726058     
   7.11249000000000        7.11249000000000      -0.109167005776525     
