  2.000000000000000E-003  2.000000000000000E-003 -0.730264633275907     
  2.000000000000000E-003  0.298270416666667      -0.718183864581603     
  2.000000000000000E-003  0.594540833333333      -0.659571927032671     
  2.000000000000000E-003  0.890811250000000      -0.572437790753219     
  2.000000000000000E-003   1.18708166666667      -0.492813616644261     
  2.000000000000000E-003   1.48335208333333      -0.429156124616698     
  2.000000000000000E-003   1.77962250000000      -0.379109978344175     
  2.000000000000000E-003   2.07589291666667      -0.338982123054076     
  2.000000000000000E-003   2.37216333333333      -0.305741162345737     
  2.000000000000000E-003   2.66843375000000      -0.277578550532800     
  2.000000000000000E-003   2.96470416666667      -0.253137336594990     
  2.000000000000000E-003   3.26097458333333      -0.231479189757640     
  2.000000000000000E-003   3.55724500000000      -0.211996212125498     
  2.000000000000000E-003   3.85351541666667      -0.194345080849517     
  2.000000000000000E-003   4.14978583333333      -0.178383679450977     
  2.000000000000000E-003   4.44605625000000      -0.164070679423452     
  2.000000000000000E-003   4.74232666666667      -0.151394818240197     
  2.000000000000000E-003   5.03859708333333      -0.140371424728387     
  2.000000000000000E-003   5.33486750000000      -0.131129023998306     
  2.000000000000000E-003   5.63113791666667      -0.123746904073426     
  2.000000000000000E-003   5.92740833333333      -0.118239879964442     
  2.000000000000000E-003   6.22367875000000      -0.114388824400384     
  2.000000000000000E-003   6.51994916666667      -0.111067226878706     
  2.000000000000000E-003   6.81621958333333      -0.105062856568979     
  2.000000000000000E-003   7.11249000000000      -9.614141180239197E-002
  0.298270416666667       2.000000000000000E-003 -0.893933993717673     
  0.298270416666667       0.298270416666667      -0.785917415715441     
  0.298270416666667       0.594540833333333      -0.699057841652913     
  0.298270416666667       0.890811250000000      -0.615566173247950     
  0.298270416666667        1.18708166666667      -0.534161322960263     
  0.298270416666667        1.48335208333333      -0.465250254243859     
  0.298270416666667        1.77962250000000      -0.409364551083115     
  0.298270416666667        2.07589291666667      -0.363632557685357     
  0.298270416666667        2.37216333333333      -0.325386147742128     
  0.298270416666667        2.66843375000000      -0.293419773764132     
  0.298270416666667        2.96470416666667      -0.266001801593260     
  0.298270416666667        3.26097458333333      -0.241975302299857     
  0.298270416666667        3.55724500000000      -0.220625700594075     
  0.298270416666667        3.85351541666667      -0.201538466602963     
  0.298270416666667        4.14978583333333      -0.184496054993117     
  0.298270416666667        4.44605625000000      -0.169376630631893     
  0.298270416666667        4.74232666666667      -0.156095285018576     
  0.298270416666667        5.03859708333333      -0.144610147927043     
  0.298270416666667        5.33486750000000      -0.134978128449376     
  0.298270416666667        5.63113791666667      -0.127234633401031     
  0.298270416666667        5.92740833333333      -0.121308041967814     
  0.298270416666667        6.22367875000000      -0.116770233615659     
  0.298270416666667        6.51994916666667      -0.112346929378089     
  0.298270416666667        6.81621958333333      -0.107138882782614     
  0.298270416666667        7.11249000000000      -0.103627772633573     
  0.594540833333333       2.000000000000000E-003 -0.981138490721081     
  0.594540833333333       0.298270416666667      -0.888930927440242     
  0.594540833333333       0.594540833333333      -0.760101510745330     
  0.594540833333333       0.890811250000000      -0.658807815524598     
  0.594540833333333        1.18708166666667      -0.571580533041268     
  0.594540833333333        1.48335208333333      -0.497344026528319     
  0.594540833333333        1.77962250000000      -0.435938814224431     
  0.594540833333333        2.07589291666667      -0.385048328250987     
  0.594540833333333        2.37216333333333      -0.342545759393053     
  0.594540833333333        2.66843375000000      -0.307244664781076     
  0.594540833333333        2.96470416666667      -0.277164572253175     
  0.594540833333333        3.26097458333333      -0.251030599976190     
  0.594540833333333        3.55724500000000      -0.228036418379273     
  0.594540833333333        3.85351541666667      -0.207687952757437     
  0.594540833333333        4.14978583333333      -0.189687056451416     
  0.594540833333333        4.44605625000000      -0.173836952648887     
  0.594540833333333        4.74232666666667      -0.159989103017227     
  0.594540833333333        5.03859708333333      -0.148039427479354     
  0.594540833333333        5.33486750000000      -0.137973477197624     
  0.594540833333333        5.63113791666667      -0.129760126069642     
  0.594540833333333        5.92740833333333      -0.123241980710496     
  0.594540833333333        6.22367875000000      -0.117979999004623     
  0.594540833333333        6.51994916666667      -0.113414264541325     
  0.594540833333333        6.81621958333333      -0.110089550969386     
  0.594540833333333        7.11249000000000      -0.106564042152878     
  0.890811250000000       2.000000000000000E-003  -1.02826706761621     
  0.890811250000000       0.298270416666667      -0.963573194822773     
  0.890811250000000       0.594540833333333      -0.835020224249270     
  0.890811250000000       0.890811250000000      -0.712553418162388     
  0.890811250000000        1.18708166666667      -0.610223029576385     
  0.890811250000000        1.48335208333333      -0.526400814371335     
  0.890811250000000        1.77962250000000      -0.458152586171545     
  0.890811250000000        2.07589291666667      -0.402201708465303     
  0.890811250000000        2.37216333333333      -0.356397683671022     
  0.890811250000000        2.66843375000000      -0.318406645385146     
  0.890811250000000        2.96470416666667      -0.286202067286631     
  0.890811250000000        3.26097458333333      -0.258428357690464     
  0.890811250000000        3.55724500000000      -0.234169883871702     
  0.890811250000000        3.85351541666667      -0.212826896138751     
  0.890811250000000        4.14978583333333      -0.194022385209481     
  0.890811250000000        4.44605625000000      -0.177513355772136     
  0.890811250000000        4.74232666666667      -0.163123421536417     
  0.890811250000000        5.03859708333333      -0.150719672621981     
  0.890811250000000        5.33486750000000      -0.140238261919922     
  0.890811250000000        5.63113791666667      -0.131646192410457     
  0.890811250000000        5.92740833333333      -0.124820147641456     
  0.890811250000000        6.22367875000000      -0.119535319146672     
  0.890811250000000        6.51994916666667      -0.115560195472805     
  0.890811250000000        6.81621958333333      -0.112433474358606     
  0.890811250000000        7.11249000000000      -0.107677951351291     
   1.18708166666667       2.000000000000000E-003  -1.03070275178889     
   1.18708166666667       0.298270416666667      -0.984085738668700     
   1.18708166666667       0.594540833333333      -0.874296900648339     
   1.18708166666667       0.890811250000000      -0.750952136281083     
   1.18708166666667        1.18708166666667      -0.640339315035924     
   1.18708166666667        1.48335208333333      -0.548509922869708     
   1.18708166666667        1.77962250000000      -0.474245809523844     
   1.18708166666667        2.07589291666667      -0.414594475310357     
   1.18708166666667        2.37216333333333      -0.366401793555516     
   1.18708166666667        2.66843375000000      -0.326518287672435     
   1.18708166666667        2.96470416666667      -0.292917637411532     
   1.18708166666667        3.26097458333333      -0.264150355003951     
   1.18708166666667        3.55724500000000      -0.239138073023770     
   1.18708166666667        3.85351541666667      -0.217127749032938     
   1.18708166666667        4.14978583333333      -0.197671675611802     
   1.18708166666667        4.44605625000000      -0.180541839983508     
   1.18708166666667        4.74232666666667      -0.165602756210603     
   1.18708166666667        5.03859708333333      -0.152738754014826     
   1.18708166666667        5.33486750000000      -0.141869072563862     
   1.18708166666667        5.63113791666667      -0.132977491629645     
   1.18708166666667        5.92740833333333      -0.125975331160266     
   1.18708166666667        6.22367875000000      -0.120664742184496     
   1.18708166666667        6.51994916666667      -0.116619434740514     
   1.18708166666667        6.81621958333333      -0.112766478779369     
   1.18708166666667        7.11249000000000      -0.107140742280057     
   1.48335208333333       2.000000000000000E-003 -0.994052507708118     
   1.48335208333333       0.298270416666667      -0.959358823676779     
   1.48335208333333       0.594540833333333      -0.869973812394402     
   1.48335208333333       0.890811250000000      -0.759393711565058     
   1.48335208333333        1.18708166666667      -0.651553346180822     
   1.48335208333333        1.48335208333333      -0.558159194119222     
   1.48335208333333        1.77962250000000      -0.482053862266487     
   1.48335208333333        2.07589291666667      -0.421481841189012     
   1.48335208333333        2.37216333333333      -0.372187210863316     
   1.48335208333333        2.66843375000000      -0.331447256412375     
   1.48335208333333        2.96470416666667      -0.297365772042299     
   1.48335208333333        3.26097458333333      -0.268391280176627     
   1.48335208333333        3.55724500000000      -0.243228314116721     
   1.48335208333333        3.85351541666667      -0.220891970461884     
   1.48335208333333        4.14978583333333      -0.200873173637434     
   1.48335208333333        4.44605625000000      -0.183068887359429     
   1.48335208333333        4.74232666666667      -0.167517570001779     
   1.48335208333333        5.03859708333333      -0.154160818091032     
   1.48335208333333        5.33486750000000      -0.142891666239998     
   1.48335208333333        5.63113791666667      -0.133663124780119     
   1.48335208333333        5.92740833333333      -0.126377502810688     
   1.48335208333333        6.22367875000000      -0.120735001702527     
   1.48335208333333        6.51994916666667      -0.116100818355420     
   1.48335208333333        6.81621958333333      -0.111400840694541     
   1.48335208333333        7.11249000000000      -0.105220110572081     
   1.77962250000000       2.000000000000000E-003 -0.929204814588017     
   1.77962250000000       0.298270416666667      -0.903297283694470     
   1.77962250000000       0.594540833333333      -0.831787226287322     
   1.77962250000000       0.890811250000000      -0.737500804662849     
   1.77962250000000        1.18708166666667      -0.640289608334864     
   1.77962250000000        1.48335208333333      -0.553158603399893     
   1.77962250000000        1.77962250000000      -0.481472158110505     
   1.77962250000000        2.07589291666667      -0.422439807857351     
   1.77962250000000        2.37216333333333      -0.373701067999481     
   1.77962250000000        2.66843375000000      -0.333291623866356     
   1.77962250000000        2.96470416666667      -0.299657079147605     
   1.77962250000000        3.26097458333333      -0.271302110276240     
   1.77962250000000        3.55724500000000      -0.246593135062982     
   1.77962250000000        3.85351541666667      -0.224232562256715     
   1.77962250000000        4.14978583333333      -0.203688514276111     
   1.77962250000000        4.44605625000000      -0.185141979845726     
   1.77962250000000        4.74232666666667      -0.168876242214880     
   1.77962250000000        5.03859708333333      -0.154997337742474     
   1.77962250000000        5.33486750000000      -0.143313737007885     
   1.77962250000000        5.63113791666667      -0.133645591949878     
   1.77962250000000        5.92740833333333      -0.125891348870279     
   1.77962250000000        6.22367875000000      -0.119688322202450     
   1.77962250000000        6.51994916666667      -0.114348316773065     
   1.77962250000000        6.81621958333333      -0.108919621236626     
   1.77962250000000        7.11249000000000      -0.102367367341698     
   2.07589291666667       2.000000000000000E-003 -0.844346893392166     
   2.07589291666667       0.298270416666667      -0.823372649687102     
   2.07589291666667       0.594540833333333      -0.767935580093534     
   2.07589291666667       0.890811250000000      -0.691188764723627     
   2.07589291666667        1.18708166666667      -0.611731190728534     
   2.07589291666667        1.48335208333333      -0.537948866888841     
   2.07589291666667        1.77962250000000      -0.473011823488213     
   2.07589291666667        2.07589291666667      -0.417654452604654     
   2.07589291666667        2.37216333333333      -0.371005052742267     
   2.07589291666667        2.66843375000000      -0.331978923361970     
   2.07589291666667        2.96470416666667      -0.299723587042904     
   2.07589291666667        3.26097458333333      -0.272951467407497     
   2.07589291666667        3.55724500000000      -0.249459621577163     
   2.07589291666667        3.85351541666667      -0.227254560251875     
   2.07589291666667        4.14978583333333      -0.206015249691525     
   2.07589291666667        4.44605625000000      -0.186606507323076     
   2.07589291666667        4.74232666666667      -0.169642162700995     
   2.07589291666667        5.03859708333333      -0.155217655341480     
   2.07589291666667        5.33486750000000      -0.143156517536082     
   2.07589291666667        5.63113791666667      -0.133057535832910     
   2.07589291666667        5.92740833333333      -0.124672474474150     
   2.07589291666667        6.22367875000000      -0.117715179774106     
   2.07589291666667        6.51994916666667      -0.111667554496375     
   2.07589291666667        6.81621958333333      -0.105627059386122     
   2.07589291666667        7.11249000000000      -9.888767865841788E-002
   2.37216333333333       2.000000000000000E-003 -0.750017700862598     
   2.37216333333333       0.298270416666667      -0.735639131038283     
   2.37216333333333       0.594540833333333      -0.696121597397114     
   2.37216333333333       0.890811250000000      -0.640176544229738     
   2.37216333333333        1.18708166666667      -0.577224762952426     
   2.37216333333333        1.48335208333333      -0.514708240463236     
   2.37216333333333        1.77962250000000      -0.457549891480468     
   2.37216333333333        2.07589291666667      -0.407433648851252     
   2.37216333333333        2.37216333333333      -0.364170876544686     
   2.37216333333333        2.66843375000000      -0.327517541608396     
   2.37216333333333        2.96470416666667      -0.297440759942005     
   2.37216333333333        3.26097458333333      -0.273307485974164     
   2.37216333333333        3.55724500000000      -0.251996911120719     
   2.37216333333333        3.85351541666667      -0.229957216551179     
   2.37216333333333        4.14978583333333      -0.207610872863298     
   2.37216333333333        4.44605625000000      -0.187281399528110     
   2.37216333333333        4.74232666666667      -0.169784190554266     
   2.37216333333333        5.03859708333333      -0.154933601295173     
   2.37216333333333        5.33486750000000      -0.142445690872718     
   2.37216333333333        5.63113791666667      -0.131967256903761     
   2.37216333333333        5.92740833333333      -0.123069096325170     
   2.37216333333333        6.22367875000000      -0.115447858412190     
   2.37216333333333        6.51994916666667      -0.108638956624668     
   2.37216333333333        6.81621958333333      -0.102046636584898     
   2.37216333333333        7.11249000000000      -9.511407393237932E-002
   2.66843375000000       2.000000000000000E-003 -0.672403141121423     
   2.66843375000000       0.298270416666667      -0.661828096247044     
   2.66843375000000       0.594540833333333      -0.632022898580768     
   2.66843375000000       0.890811250000000      -0.588163288923041     
   2.66843375000000        1.18708166666667      -0.536851495611461     
   2.66843375000000        1.48335208333333      -0.484534499850124     
   2.66843375000000        1.77962250000000      -0.435964631687474     
   2.66843375000000        2.07589291666667      -0.392432625925146     
   2.66843375000000        2.37216333333333      -0.354040937917013     
   2.66843375000000        2.66843375000000      -0.320678056254298     
   2.66843375000000        2.96470416666667      -0.292916237429370     
   2.66843375000000        3.26097458333333      -0.271974813745015     
   2.66843375000000        3.55724500000000      -0.254088937758791     
   2.66843375000000        3.85351541666667      -0.231799267962325     
   2.66843375000000        4.14978583333333      -0.207944384088855     
   2.66843375000000        4.44605625000000      -0.187168049004472     
   2.66843375000000        4.74232666666667      -0.169478145766386     
   2.66843375000000        5.03859708333333      -0.154261264346117     
   2.66843375000000        5.33486750000000      -0.141301753193776     
   2.66843375000000        5.63113791666667      -0.130366393848312     
   2.66843375000000        5.92740833333333      -0.121031519924911     
   2.66843375000000        6.22367875000000      -0.112957276527709     
   2.66843375000000        6.51994916666667      -0.105726993877036     
   2.66843375000000        6.81621958333333      -9.883715624716283E-002
   2.66843375000000        7.11249000000000      -9.183667529017622E-002
   2.96470416666667       2.000000000000000E-003 -0.599508591537126     
   2.96470416666667       0.298270416666667      -0.591272746857115     
   2.96470416666667       0.594540833333333      -0.567864714461277     
   2.96470416666667       0.890811250000000      -0.532938529896795     
   2.96470416666667        1.18708166666667      -0.491575097768073     
   2.96470416666667        1.48335208333333      -0.449346245011957     
   2.96470416666667        1.77962250000000      -0.409802030706906     
   2.96470416666667        2.07589291666667      -0.373992363698119     
   2.96470416666667        2.37216333333333      -0.342046616760184     
   2.96470416666667        2.66843375000000      -0.313338355056005     
   2.96470416666667        2.96470416666667      -0.287562850389966     
   2.96470416666667        3.26097458333333      -0.268005338734579     
   2.96470416666667        3.55724500000000      -0.254412742428540     
   2.96470416666667        3.85351541666667      -0.231151588698814     
   2.96470416666667        4.14978583333333      -0.206982943365520     
   2.96470416666667        4.44605625000000      -0.186999206579186     
   2.96470416666667        4.74232666666667      -0.169104099908974     
   2.96470416666667        5.03859708333333      -0.153231181736325     
   2.96470416666667        5.33486750000000      -0.139640210743963     
   2.96470416666667        5.63113791666667      -0.128191980486582     
   2.96470416666667        5.92740833333333      -0.118462829217200     
   2.96470416666667        6.22367875000000      -0.110065603581651     
   2.96470416666667        6.51994916666667      -0.102589554621487     
   2.96470416666667        6.81621958333333      -9.556725164637617E-002
   2.96470416666667        7.11249000000000      -8.858392406105943E-002
   3.26097458333333       2.000000000000000E-003 -0.528368994953870     
   3.26097458333333       0.298270416666667      -0.521972949093822     
   3.26097458333333       0.594540833333333      -0.503814920582108     
   3.26097458333333       0.890811250000000      -0.476667198305586     
   3.26097458333333        1.18708166666667      -0.444491840566122     
   3.26097458333333        1.48335208333333      -0.411799495370083     
   3.26097458333333        1.77962250000000      -0.381151538285320     
   3.26097458333333        2.07589291666667      -0.353293627580717     
   3.26097458333333        2.37216333333333      -0.328594978030504     
   3.26097458333333        2.66843375000000      -0.306469543357153     
   3.26097458333333        2.96470416666667      -0.284888532605199     
   3.26097458333333        3.26097458333333      -0.262378549634512     
   3.26097458333333        3.55724500000000      -0.248399454790200     
   3.26097458333333        3.85351541666667      -0.227055585815440     
   3.26097458333333        4.14978583333333      -0.207285918841619     
   3.26097458333333        4.44605625000000      -0.187421665724990     
   3.26097458333333        4.74232666666667      -0.168194501147718     
   3.26097458333333        5.03859708333333      -0.151299942991232     
   3.26097458333333        5.33486750000000      -0.137100373858854     
   3.26097458333333        5.63113791666667      -0.125280069794125     
   3.26097458333333        5.92740833333333      -0.115285846517821     
   3.26097458333333        6.22367875000000      -0.106711131764781     
   3.26097458333333        6.51994916666667      -9.912775517533880E-002
   3.26097458333333        6.81621958333333      -9.208425470076122E-002
   3.26097458333333        7.11249000000000      -8.518437489296822E-002
   3.55724500000000       2.000000000000000E-003 -0.462298827074178     
   3.55724500000000       0.298270416666667      -0.457483587182270     
   3.55724500000000       0.594540833333333      -0.443873825422972     
   3.55724500000000       0.890811250000000      -0.423544210361683     
   3.55724500000000        1.18708166666667      -0.399446579177575     
   3.55724500000000        1.48335208333333      -0.375004893233396     
   3.55724500000000        1.77962250000000      -0.351830992155716     
   3.55724500000000        2.07589291666667      -0.330623293417994     
   3.55724500000000        2.37216333333333      -0.311695951611142     
   3.55724500000000        2.66843375000000      -0.294781823372450     
   3.55724500000000        2.96470416666667      -0.278421442321063     
   3.55724500000000        3.26097458333333      -0.258658161859299     
   3.55724500000000        3.55724500000000      -0.234417526151940     
   3.55724500000000        3.85351541666667      -0.221529359655200     
   3.55724500000000        4.14978583333333      -0.204478010465509     
   3.55724500000000        4.44605625000000      -0.183716430665136     
   3.55724500000000        4.74232666666667      -0.164105312637562     
   3.55724500000000        5.03859708333333      -0.147235579279947     
   3.55724500000000        5.33486750000000      -0.133149763171402     
   3.55724500000000        5.63113791666667      -0.121425646754272     
   3.55724500000000        5.92740833333333      -0.111476089694723     
   3.55724500000000        6.22367875000000      -0.102932553190826     
   3.55724500000000        6.51994916666667      -9.539364455078816E-002
   3.55724500000000        6.81621958333333      -8.843496587903305E-002
   3.55724500000000        7.11249000000000      -8.168459924239124E-002
   3.85351541666667       2.000000000000000E-003 -0.405195080303012     
   3.85351541666667       0.298270416666667      -0.401703907768692     
   3.85351541666667       0.594540833333333      -0.391818252954430     
   3.85351541666667       0.890811250000000      -0.376973827254824     
   3.85351541666667        1.18708166666667      -0.359225668389995     
   3.85351541666667        1.48335208333333      -0.340959758143178     
   3.85351541666667        1.77962250000000      -0.323278212558839     
   3.85351541666667        2.07589291666667      -0.306422672157467     
   3.85351541666667        2.37216333333333      -0.290418500136922     
   3.85351541666667        2.66843375000000      -0.274390736600223     
   3.85351541666667        2.96470416666667      -0.257053009404427     
   3.85351541666667        3.26097458333333      -0.241279928156546     
   3.85351541666667        3.55724500000000      -0.227062287870846     
   3.85351541666667        3.85351541666667      -0.200899819647207     
   3.85351541666667        4.14978583333333      -0.185551167855358     
   3.85351541666667        4.44605625000000      -0.170801197421655     
   3.85351541666667        4.74232666666667      -0.155134767764488     
   3.85351541666667        5.03859708333333      -0.140476677546101     
   3.85351541666667        5.33486750000000      -0.127643847579197     
   3.85351541666667        5.63113791666667      -0.116636193101684     
   3.85351541666667        5.92740833333333      -0.107113173918089     
   3.85351541666667        6.22367875000000      -9.883737710677153E-002
   3.85351541666667        6.51994916666667      -9.149878821536840E-002
   3.85351541666667        6.81621958333333      -8.472484208349711E-002
   3.85351541666667        7.11249000000000      -7.818379584163948E-002
   4.14978583333333       2.000000000000000E-003 -0.358689322442814     
   4.14978583333333       0.298270416666667      -0.356165011982172     
   4.14978583333333       0.594540833333333      -0.348957328538578     
   4.14978583333333       0.890811250000000      -0.337990760049156     
   4.14978583333333        1.18708166666667      -0.324617845627821     
   4.14978583333333        1.48335208333333      -0.310426792883226     
   4.14978583333333        1.77962250000000      -0.296167027654333     
   4.14978583333333        2.07589291666667      -0.281896185843636     
   4.14978583333333        2.37216333333333      -0.267499783276709     
   4.14978583333333        2.66843375000000      -0.252522362083064     
   4.14978583333333        2.96470416666667      -0.237767839028617     
   4.14978583333333        3.26097458333333      -0.227414584918362     
   4.14978583333333        3.55724500000000      -0.214795248893907     
   4.14978583333333        3.85351541666667      -0.188551127942621     
   4.14978583333333        4.14978583333333      -0.169045065472089     
   4.14978583333333        4.44605625000000      -0.156253211405496     
   4.14978583333333        4.74232666666667      -0.144144536189773     
   4.14978583333333        5.03859708333333      -0.132210538543327     
   4.14978583333333        5.33486750000000      -0.121141779796936     
   4.14978583333333        5.63113791666667      -0.111231556073263     
   4.14978583333333        5.92740833333333      -0.102395207640968     
   4.14978583333333        6.22367875000000      -9.456967071333265E-002
   4.14978583333333        6.51994916666667      -8.755693199892724E-002
   4.14978583333333        6.81621958333333      -8.104742128925628E-002
   4.14978583333333        7.11249000000000      -7.476049888446321E-002
   4.44605625000000       2.000000000000000E-003 -0.321609319936222     
   4.44605625000000       0.298270416666667      -0.319673645846750     
   4.44605625000000       0.594540833333333      -0.314099442606436     
   4.44605625000000       0.890811250000000      -0.305501039576426     
   4.44605625000000        1.18708166666667      -0.294783140509802     
   4.44605625000000        1.48335208333333      -0.282983323517973     
   4.44605625000000        1.77962250000000      -0.270808939721631     
   4.44605625000000        2.07589291666667      -0.258264792069355     
   4.44605625000000        2.37216333333333      -0.245472582376566     
   4.44605625000000        2.66843375000000      -0.232719813546010     
   4.44605625000000        2.96470416666667      -0.221103236025700     
   4.44605625000000        3.26097458333333      -0.211320937868760     
   4.44605625000000        3.55724500000000      -0.198100552041596     
   4.44605625000000        3.85351541666667      -0.177838095125825     
   4.44605625000000        4.14978583333333      -0.159147258177702     
   4.44605625000000        4.44605625000000      -0.145604057075990     
   4.44605625000000        4.74232666666667      -0.134451595762670     
   4.44605625000000        5.03859708333333      -0.124136445032293     
   4.44605625000000        5.33486750000000      -0.114516404217117     
   4.44605625000000        5.63113791666667      -0.105667855641079     
   4.44605625000000        5.92740833333333      -9.756613319235950E-002
   4.44605625000000        6.22367875000000      -9.027410582819549E-002
   4.44605625000000        6.51994916666667      -8.365820771530448E-002
   4.44605625000000        6.81621958333333      -7.746154179588986E-002
   4.44605625000000        7.11249000000000      -7.145458559529863E-002
   4.74232666666667       2.000000000000000E-003 -0.291462625696471     
   4.74232666666667       0.298270416666667      -0.289810326199232     
   4.74232666666667       0.594540833333333      -0.285046199929210     
   4.74232666666667       0.890811250000000      -0.277681196955942     
   4.74232666666667        1.18708166666667      -0.268426259823391     
   4.74232666666667        1.48335208333333      -0.258050649023676     
   4.74232666666667        1.77962250000000      -0.247205739109097     
   4.74232666666667        2.07589291666667      -0.236072058029189     
   4.74232666666667        2.37216333333333      -0.224876435129471     
   4.74232666666667        2.66843375000000      -0.214015900884355     
   4.74232666666667        2.96470416666667      -0.203884818824222     
   4.74232666666667        3.26097458333333      -0.193869623581322     
   4.74232666666667        3.55724500000000      -0.181451470886503     
   4.74232666666667        3.85351541666667      -0.165791325329386     
   4.74232666666667        4.14978583333333      -0.150205147576880     
   4.74232666666667        4.44605625000000      -0.137227104518309     
   4.74232666666667        4.74232666666667      -0.126468881304183     
   4.74232666666667        5.03859708333333      -0.116979394588144     
   4.74232666666667        5.33486750000000      -0.108310425941946     
   4.74232666666667        5.63113791666667      -0.100258571303298     
   4.74232666666667        5.92740833333333      -9.281612879078414E-002
   4.74232666666667        6.22367875000000      -8.605884291325751E-002
   4.74232666666667        6.51994916666667      -7.985997252303399E-002
   4.74232666666667        6.81621958333333      -7.400058753008394E-002
   4.74232666666667        7.11249000000000      -6.829148902958551E-002
   5.03859708333333       2.000000000000000E-003 -0.266475927618464     
   5.03859708333333       0.298270416666667      -0.264851375236088     
   5.03859708333333       0.594540833333333      -0.260262342319950     
   5.03859708333333       0.890811250000000      -0.253336304290840     
   5.03859708333333        1.18708166666667      -0.244822674688622     
   5.03859708333333        1.48335208333333      -0.235386780404905     
   5.03859708333333        1.77962250000000      -0.225562180981594     
   5.03859708333333        2.07589291666667      -0.215688585482733     
   5.03859708333333        2.37216333333333      -0.205898792988291     
   5.03859708333333        2.66843375000000      -0.196405390457164     
   5.03859708333333        2.96470416666667      -0.187168266606986     
   5.03859708333333        3.26097458333333      -0.177553594475463     
   5.03859708333333        3.55724500000000      -0.166491875685863     
   5.03859708333333        3.85351541666667      -0.153860246484929     
   5.03859708333333        4.14978583333333      -0.141059626236572     
   5.03859708333333        4.44605625000000      -0.129489916312648     
   5.03859708333333        4.74232666666667      -0.119456351095615     
   5.03859708333333        5.03859708333333      -0.110618304339138     
   5.03859708333333        5.33486750000000      -0.102583594894991     
   5.03859708333333        5.63113791666667      -9.510260633850519E-002
   5.03859708333333        5.92740833333333      -8.823250389464729E-002
   5.03859708333333        6.22367875000000      -8.196295073430529E-002
   5.03859708333333        6.51994916666667      -7.617458365878985E-002
   5.03859708333333        6.81621958333333      -7.068487171391998E-002
   5.03859708333333        7.11249000000000      -6.530837414315177E-002
   5.33486750000000       2.000000000000000E-003 -0.246024504104747     
   5.33486750000000       0.298270416666667      -0.244257102653778     
   5.33486750000000       0.594540833333333      -0.239339369238982     
   5.33486750000000       0.890811250000000      -0.232273077480318     
   5.33486750000000        1.18708166666667      -0.224014466335102     
   5.33486750000000        1.48335208333333      -0.215241032757105     
   5.33486750000000        1.77962250000000      -0.206337078675144     
   5.33486750000000        2.07589291666667      -0.197524224356364     
   5.33486750000000        2.37216333333333      -0.188904982032852     
   5.33486750000000        2.66843375000000      -0.180461880705069     
   5.33486750000000        2.96470416666667      -0.172021886518190     
   5.33486750000000        3.26097458333333      -0.163153236776252     
   5.33486750000000        3.55724500000000      -0.153399701121004     
   5.33486750000000        3.85351541666667      -0.142818488957816     
   5.33486750000000        4.14978583333333      -0.132094457500844     
   5.33486750000000        4.44605625000000      -0.122005195592720     
   5.33486750000000        4.74232666666667      -0.112898756768654     
   5.33486750000000        5.03859708333333      -0.104694580695938     
   5.33486750000000        5.33486750000000      -9.715006997874145E-002
   5.33486750000000        5.63113791666667      -9.019397537570069E-002
   5.33486750000000        5.92740833333333      -8.379847302579969E-002
   5.33486750000000        6.22367875000000      -7.796788991051656E-002
   5.33486750000000        6.51994916666667      -7.260227768283298E-002
   5.33486750000000        6.81621958333333      -6.751046506986597E-002
   5.33486750000000        7.11249000000000      -6.249314410325367E-002
   5.63113791666667       2.000000000000000E-003 -0.229591564871463     
   5.63113791666667       0.298270416666667      -0.227450495863506     
   5.63113791666667       0.594540833333333      -0.221821037206677     
   5.63113791666667       0.890811250000000      -0.214312468456627     
   5.63113791666667        1.18708166666667      -0.206119427188817     
   5.63113791666667        1.48335208333333      -0.197852231609871     
   5.63113791666667        1.77962250000000      -0.189732971953799     
   5.63113791666667        2.07589291666667      -0.181816760747272     
   5.63113791666667        2.37216333333333      -0.174089665065753     
   5.63113791666667        2.66843375000000      -0.166456442373198     
   5.63113791666667        2.96470416666667      -0.158714631025554     
   5.63113791666667        3.26097458333333      -0.150610094220273     
   5.63113791666667        3.55724500000000      -0.141947359776264     
   5.63113791666667        3.85351541666667      -0.132818506965654     
   5.63113791666667        4.14978583333333      -0.123606245989369     
   5.63113791666667        4.44605625000000      -0.114768501287701     
   5.63113791666667        4.74232666666667      -0.106541397979655     
   5.63113791666667        5.03859708333333      -9.896826837135603E-002
   5.63113791666667        5.33486750000000      -9.198425297726816E-002
   5.63113791666667        5.63113791666667      -8.550032721798065E-002
   5.63113791666667        5.92740833333333      -7.953492926347325E-002
   5.63113791666667        6.22367875000000      -7.410826163608045E-002
   5.63113791666667        6.51994916666667      -6.915108986864678E-002
   5.63113791666667        6.81621958333333      -6.447345016202619E-002
   5.63113791666667        7.11249000000000      -5.982626526296966E-002
   5.92740833333333       2.000000000000000E-003 -0.216758274046168     
   5.92740833333333       0.298270416666667      -0.213884539148510     
   5.92740833333333       0.594540833333333      -0.207022084600183     
   5.92740833333333       0.890811250000000      -0.198870672299730     
   5.92740833333333        1.18708166666667      -0.190745699263573     
   5.92740833333333        1.48335208333333      -0.182947259802753     
   5.92740833333333        1.77962250000000      -0.175473936606042     
   5.92740833333333        2.07589291666667      -0.168248652114962     
   5.92740833333333        2.37216333333333      -0.161177058257435     
   5.92740833333333        2.66843375000000      -0.154159520598390     
   5.92740833333333        2.96470416666667      -0.147031508774404     
   5.92740833333333        3.26097458333333      -0.139618911146941     
   5.92740833333333        3.55724500000000      -0.131838523570554     
   5.92740833333333        3.85351541666667      -0.123777234564539     
   5.92740833333333        4.14978583333333      -0.115678551573267     
   5.92740833333333        4.44605625000000      -0.107828767105233     
   5.92740833333333        4.74232666666667      -0.100430111413154     
   5.92740833333333        5.03859708333333      -9.354378795069886E-002
   5.92740833333333        5.33486750000000      -8.710305687134180E-002
   5.92740833333333        5.63113791666667      -8.107022634798214E-002
   5.92740833333333        5.92740833333333      -7.548365385401881E-002
   5.92740833333333        6.22367875000000      -7.038541704519594E-002
   5.92740833333333        6.51994916666667      -6.578517866733277E-002
   5.92740833333333        6.81621958333333      -6.152971563335066E-002
   5.92740833333333        7.11249000000000      -5.725548959678859E-002
   6.22367875000000       2.000000000000000E-003 -0.206710490048610     
   6.22367875000000       0.298270416666667      -0.202389457927784     
   6.22367875000000       0.594540833333333      -0.193767378443284     
   6.22367875000000       0.890811250000000      -0.185200362174960     
   6.22367875000000        1.18708166666667      -0.177324885940671     
   6.22367875000000        1.48335208333333      -0.169946818799355     
   6.22367875000000        1.77962250000000      -0.162943690116059     
   6.22367875000000        2.07589291666667      -0.156206343505576     
   6.22367875000000        2.37216333333333      -0.149614106378996     
   6.22367875000000        2.66843375000000      -0.143084646416258     
   6.22367875000000        2.96470416666667      -0.136502823068995     
   6.22367875000000        3.26097458333333      -0.129741635253618     
   6.22367875000000        3.55724500000000      -0.122742001754201     
   6.22367875000000        3.85351541666667      -0.115563777991833     
   6.22367875000000        4.14978583333333      -0.108374801444142     
   6.22367875000000        4.44605625000000      -0.101379489925422     
   6.22367875000000        4.74232666666667      -9.472922318817938E-002
   6.22367875000000        5.03859708333333      -8.846370856373531E-002
   6.22367875000000        5.33486750000000      -8.252939966684394E-002
   6.22367875000000        5.63113791666667      -7.692148873529504E-002
   6.22367875000000        5.92740833333333      -7.165469673998540E-002
   6.22367875000000        6.22367875000000      -6.677927948092489E-002
   6.22367875000000        6.51994916666667      -6.242171055184301E-002
   6.22367875000000        6.81621958333333      -5.857513581445844E-002
   6.22367875000000        7.11249000000000      -5.468548279412834E-002
   6.51994916666667       2.000000000000000E-003 -0.197680087092575     
   6.51994916666667       0.298270416666667      -0.190887166852830     
   6.51994916666667       0.594540833333333      -0.181060385488417     
   6.51994916666667       0.890811250000000      -0.172990307809072     
   6.51994916666667        1.18708166666667      -0.165493496049479     
   6.51994916666667        1.48335208333333      -0.158341086958411     
   6.51994916666667        1.77962250000000      -0.151572802472648     
   6.51994916666667        2.07589291666667      -0.145146175004030     
   6.51994916666667        2.37216333333333      -0.138956436650399     
   6.51994916666667        2.66843375000000      -0.132889075648970     
   6.51994916666667        2.96470416666667      -0.126859209453252     
   6.51994916666667        3.26097458333333      -0.120751886925362     
   6.51994916666667        3.55724500000000      -0.114494605939604     
   6.51994916666667        3.85351541666667      -0.108105756612669     
   6.51994916666667        4.14978583333333      -0.101695194299566     
   6.51994916666667        4.44605625000000      -9.541381810613554E-002
   6.51994916666667        4.74232666666667      -8.938239777345558E-002
   6.51994916666667        5.03859708333333      -8.363962402494050E-002
   6.51994916666667        5.33486750000000      -7.818163755557801E-002
   6.51994916666667        5.63113791666667      -7.300289073895165E-002
   6.51994916666667        5.92740833333333      -6.806703108364547E-002
   6.51994916666667        6.22367875000000      -6.335248224389130E-002
   6.51994916666667        6.51994916666667      -5.901995438499423E-002
   6.51994916666667        6.81621958333333      -5.545356421116138E-002
   6.51994916666667        7.11249000000000      -5.203392121558979E-002
   6.81621958333333       2.000000000000000E-003 -0.185603765575028     
   6.81621958333333       0.298270416666667      -0.178046637579125     
   6.81621958333333       0.594540833333333      -0.170215468757683     
   6.81621958333333       0.890811250000000      -0.162693084178232     
   6.81621958333333        1.18708166666667      -0.155019119932816     
   6.81621958333333        1.48335208333333      -0.147747113492619     
   6.81621958333333        1.77962250000000      -0.141035909590898     
   6.81621958333333        2.07589291666667      -0.134836991003279     
   6.81621958333333        2.37216333333333      -0.129026836597288     
   6.81621958333333        2.66843375000000      -0.123444507958703     
   6.81621958333333        2.96470416666667      -0.117984560028792     
   6.81621958333333        3.26097458333333      -0.112517008593534     
   6.81621958333333        3.55724500000000      -0.106939479700043     
   6.81621958333333        3.85351541666667      -0.101228627127056     
   6.81621958333333        4.14978583333333      -9.545371037993820E-002
   6.81621958333333        4.44605625000000      -8.973756453152712E-002
   6.81621958333333        4.74232666666667      -8.419653295448926E-002
   6.81621958333333        5.03859708333333      -7.890115007160639E-002
   6.81621958333333        5.33486750000000      -7.389789622264416E-002
   6.81621958333333        5.63113791666667      -6.918901473960781E-002
   6.81621958333333        5.92740833333333      -6.471048457599600E-002
   6.81621958333333        6.22367875000000      -6.033441759500201E-002
   6.81621958333333        6.51994916666667      -5.600625724107576E-002
   6.81621958333333        6.81621958333333      -5.218640364190325E-002
   6.81621958333333        7.11249000000000      -4.918523144770914E-002
   7.11249000000000       2.000000000000000E-003 -0.167306832653830     
   7.11249000000000       0.298270416666667      -0.167081151387699     
   7.11249000000000       0.594540833333333      -0.161253693333122     
   7.11249000000000       0.890811250000000      -0.153117860733326     
   7.11249000000000        1.18708166666667      -0.145091807591035     
   7.11249000000000        1.48335208333333      -0.137769809759088     
   7.11249000000000        1.77962250000000      -0.131186320000857     
   7.11249000000000        2.07589291666667      -0.125250735609092     
   7.11249000000000        2.37216333333333      -0.119837336310766     
   7.11249000000000        2.66843375000000      -0.114736531462537     
   7.11249000000000        2.96470416666667      -0.109805740490291     
   7.11249000000000        3.26097458333333      -0.104892172791076     
   7.11249000000000        3.55724500000000      -9.986952821394672E-002
   7.11249000000000        3.85351541666667      -9.468938897209969E-002
   7.11249000000000        4.14978583333333      -8.940225336684425E-002
   7.11249000000000        4.44605625000000      -8.412401974403599E-002
   7.11249000000000        4.74232666666667      -7.898183268185535E-002
   7.11249000000000        5.03859708333333      -7.408185649218541E-002
   7.11249000000000        5.33486750000000      -6.950904962876048E-002
   7.11249000000000        5.63113791666667      -6.527870015533500E-002
   7.11249000000000        5.92740833333333      -6.134729270775668E-002
   7.11249000000000        6.22367875000000      -5.761589449832970E-002
   7.11249000000000        6.51994916666667      -5.396463555740025E-002
   7.11249000000000        6.81621958333333      -5.015231065521579E-002
   7.11249000000000        7.11249000000000      -4.571060088381276E-002
